0,1,2,3,4,5,6,7,8,9,10,11,12,13,14,15,16,17,18,19,20,21,22,23,24,25,26,27,28,29,30,31,32,33,34,35,36,37,38,39,40,41,42,43,44,45,46,47,48,49
(2050+2051j),(2058+2052j),(2058+2063j),(2053+2065j),(2036+2056j),(2045+2048j),(2049+2045j),(2048+2047j),(2044+2047j),(2042+2042j),(2053+2036j),(2052+2044j),(2054+2044j),(2046+2047j),(2041+2046j),(2051+2039j),(2048+2046j),(2051+2046j),(2039+2055j),(2038+2042j),(2050+2045j),(2045+2052j),(2042+2050j),(2040+2052j),(2041+2044j),(2044+2050j),(2050+2045j),(2050+2051j),(2043+2051j),(2043+2045j),(2058+2042j),(2056+2048j),(2052+2057j),(2044+2055j),(2046+2050j),(2055+2046j),(2052+2048j),(2057+2054j),(2046+2054j),(2051+2047j),(2048+2047j),(2052+2052j),(2046+2053j),(2038+2051j),(2047+2044j),(2049+2050j),(2024+1972j),(2047.8478260869565+2048.782608695652j),(2047.8478260869565+2048.782608695652j),(2047.8478260869565+2048.782608695652j)
(2044+2048j),(2044+2050j),(2046+2049j),(2044+2046j),(2049+2045j),(2048+2049j),(2047+2050j),(2047+2048j),(2048+2049j),(2048+2053j),(2045+2053j),(2044+2049j),(2044+2050j),(2046+2050j),(2043+2048j),(2043+2051j),(2046+2051j),(2044+2051j),(2042+2047j),(2043+2048j),(2041+2048j),(2039+2044j),(2040+2043j),(2045+2047j),(2046+2050j),(2046+2046j),(2044+2048j),(2047+2047j),(2048+2045j),(2048+2045j),(2049+2045j),(2050+2046j),(2048+2045j),(2048+2046j),(2048+2049j),(2046+2051j),(2044+2048j),(2042+2047j),(2048+2047j),(2045+2042j),(2044+2040j),(2047+2042j),(2050+2044j),(2047+2043j),(2050+2045j),(2053+2048j),(2045+2046j),(2041+2046j),(2047+2044j),(2042+2041j)
(2048+2048j),(2047+2052j),(2044+2043j),(2042+2038j),(2053+2043j),(2048+2049j),(2040+2046j),(2043+2046j),(2048+2050j),(2047+2051j),(2038+2050j),(2040+2047j),(2042+2045j),(2043+2041j),(2046+2042j),(2044+2048j),(2044+2042j),(2040+2040j),(2046+2035j),(2056+2044j),(2049+2044j),(2045+2040j),(2051+2044j),(2054+2047j),(2049+2049j),(2046+2048j),(2049+2054j),(2049+2051j),(2049+2049j),(2050+2055j),(2044+2059j),(2043+2051j),(2044+2045j),(2051+2051j),(2050+2053j),(2042+2053j),(2043+2052j),(2043+2053j),(2047+2052j),(2041+2050j),(2045+2050j),(2046+2052j),(2046+2048j),(2047+2048j),(2050+2056j),(2051+2055j),(2047+2052j),(2046+2049j),(2044+2047j),(2047+2050j)
(2049+2052j),(2048+2051j),(2049+2048j),(2050+2044j),(2056+2045j),(2051+2046j),(2049+2045j),(2050+2041j),(2048+2037j),(2049+2037j),(2050+2041j),(2046+2037j),(2045+2037j),(2053+2041j),(2054+2042j),(2046+2044j),(2048+2044j),(2047+2043j),(2048+2040j),(2050+2042j),(2047+2046j),(2046+2044j),(2046+2044j),(2043+2046j),(2044+2047j),(2045+2046j),(2043+2043j),(2051+2045j),(2056+2052j),(2055+2055j),(2049+2056j),(2053+2054j),(2055+2050j),(2055+2048j),(2058+2050j),(2059+2052j),(2057+2053j),(2052+2054j),(2051+2057j),(2048+2057j),(2048+2055j),(2045+2053j),(2047+2050j),(2048+2051j),(2044+2053j),(2042+2051j),(2051+2048j),(2048+2050j),(2056+2050j),(2050+2045j)
(2047+2057j),(2044+2054j),(2040+2050j),(2044+2046j),(2044+2040j),(2043+2031j),(2047+2026j),(2056+2024j),(2063+2024j),(2067+2023j),(2076+2030j),(2078+2036j),(2075+2038j),(2076+2045j),(2077+2051j),(2072+2057j),(2066+2061j),(2059+2068j),(2054+2074j),(2045+2075j),(2033+2074j),(2026+2071j),(2025+2067j),(2020+2059j),(2021+2052j),(2027+2051j),(2025+2043j),(2031+2034j),(2042+2034j),(2052+2033j),(2054+2031j),(2058+2033j),(2067+2035j),(2069+2041j),(2069+2043j),(2068+2050j),(2068+2056j),(2064+2061j),(2055+2063j),(2047+2069j),(2039+2072j),(2028+2066j),(2024+2059j),(2025+2058j),(2023+2052j),(2022+2045j),(2050+2049j),(2044+2053j),(2056+2060j),(2056+2058j)
(2047+2047j),(2039+2042j),(2045+2021j),(2051+2013j),(2070+2010j),(2071+2005j),(2074+2003j),(2087+1999j),(2100+2005j),(2104+2017j),(2098+2033j),(2095+2045j),(2082+2056j),(2072+2059j),(2070+2071j),(2049+2084j),(2034+2075j),(2018+2074j),(2022+2068j),(2016+2074j),(2002+2064j),(2005+2054j),(2014+2048j),(2022+2038j),(2026+2036j),(2039+2031j),(2050+2036j),(2058+2036j),(2066+2044j),(2070+2056j),(2059+2063j),(2054+2060j),(2059+2060j),(2062+2070j),(2049+2076j),(2033+2079j),(2032+2079j),(2022+2071j),(2022+2062j),(2011+2060j),(2012+2059j),(2008+2046j),(2012+2037j),(2024+2038j),(2023+2040j),(2025+2031j),(2045+2045j),(2035+2051j),(2044+2058j),(2040+2055j)
(2059+2044j),(2091+2049j),(2140+2069j),(2183+2099j),(2216+2149j),(2213+2212j),(2178+2265j),(2127+2303j),(2061+2325j),(2003+2327j),(1946+2313j),(1891+2286j),(1848+2249j),(1815+2204j),(1789+2143j),(1776+2076j),(1786+2000j),(1823+1928j),(1883+1864j),(1954+1818j),(2023+1792j),(2097+1772j),(2178+1772j),(2238+1802j),(2282+1843j),(2301+1893j),(2293+1946j),(2284+1994j),(2270+2042j),(2235+2095j),(2181+2146j),(2112+2184j),(2034+2203j),(1955+2200j),(1895+2175j),(1852+2141j),(1826+2092j),(1818+2036j),(1832+1985j),(1861+1940j),(1899+1894j),(1953+1856j),(2018+1840j),(2077+1829j),(2144+1832j),(2204+1859j),(2045+2036j),(2026+2033j),(1971+2037j),(1915+2063j)
(2049+2052j),(2033+2079j),(1989+2119j),(1915+2154j),(1830+2156j),(1773+2135j),(1738+2084j),(1742+2038j),(1765+1998j),(1798+1952j),(1842+1907j),(1901+1871j),(1972+1840j),(2045+1823j),(2115+1820j),(2186+1835j),(2249+1859j),(2304+1897j),(2334+1952j),(2350+2012j),(2336+2078j),(2301+2137j),(2263+2191j),(2209+2238j),(2141+2266j),(2071+2278j),(2010+2275j),(1954+2257j),(1903+2223j),(1878+2182j),(1869+2133j),(1874+2074j),(1897+2021j),(1936+1972j),(1990+1933j),(2050+1910j),(2103+1902j),(2154+1907j),(2193+1916j),(2232+1934j),(2260+1967j),(2274+2008j),(2265+2056j),(2239+2101j),(2217+2139j),(2179+2174j),(2051+2049j),(2053+2028j),(2052+2003j),(2051+1972j)
(2048+2048j),(2092+2030j),(2147+2026j),(2218+2028j),(2291+2055j),(2337+2116j),(2342+2184j),(2306+2255j),(2240+2314j),(2162+2346j),(2083+2367j),(1987+2385j),(1882+2373j),(1793+2333j),(1717+2278j),(1664+2201j),(1645+2112j),(1648+2010j),(1692+1911j),(1766+1826j),(1860+1750j),(1964+1699j),(2064+1678j),(2167+1678j),(2254+1689j),(2335+1724j),(2400+1788j),(2426+1875j),(2416+1966j),(2381+2061j),(2317+2145j),(2230+2212j),(2135+2260j),(2037+2284j),(1945+2291j),(1859+2277j),(1781+2245j),(1723+2195j),(1689+2126j),(1686+2041j),(1714+1963j),(1767+1891j),(1838+1828j),(1917+1785j),(2006+1760j),(2097+1749j),(2049+2049j),(2021+2067j),(1983+2109j),(1954+2169j)
(2052+2040j),(2066+2024j),(2096+1998j),(2139+1973j),(2173+1958j),(2211+1951j),(2250+1960j),(2258+1983j),(2256+1996j),(2268+2021j),(2261+2057j),(2229+2087j),(2201+2107j),(2186+2134j),(2153+2171j),(2101+2196j),(2051+2221j),(1989+2244j),(1916+2240j),(1863+2216j),(1824+2195j),(1793+2162j),(1778+2121j),(1769+2087j),(1765+2043j),(1783+1987j),(1824+1933j),(1870+1904j),(1918+1872j),(1974+1845j),(2037+1830j),(2096+1834j),(2155+1843j),(2203+1864j),(2239+1903j),(2263+1951j),(2269+2006j),(2255+2062j),(2224+2119j),(2184+2168j),(2125+2209j),(2062+2235j),(2000+2252j),(1938+2258j),(1869+2245j),(1819+2220j),(2048+2050j),(2081+2054j),(2149+2044j),(2214+2003j)
(2056+2031j),(2127+1998j),(2243+1951j),(2403+1925j),(2528+1935j),(2666+1980j),(2733+2073j),(2730+2179j),(2684+2287j),(2601+2379j),(2502+2458j),(2366+2546j),(2214+2609j),(2038+2652j),(1839+2655j),(1674+2616j),(1518+2558j),(1391+2449j),(1307+2327j),(1275+2176j),(1295+2031j),(1327+1889j),(1398+1740j),(1516+1616j),(1653+1506j),(1816+1434j),(1984+1397j),(2138+1398j),(2269+1423j),(2389+1467j),(2504+1549j),(2564+1660j),(2587+1779j),(2584+1908j),(2538+2042j),(2453+2159j),(2336+2256j),(2219+2340j),(2072+2391j),(1950+2400j),(1835+2406j),(1715+2389j),(1619+2331j),(1560+2257j),(1527+2179j),(1506+2095j),(2057+2054j),(2090+2082j),(2180+2104j),(2284+2107j)
(2056+2049j),(2094+2027j),(2178+1981j),(2293+1962j),(2410+1974j),(2486+2014j),(2517+2073j),(2519+2137j),(2499+2202j),(2453+2259j),(2386+2321j),(2303+2378j),(2205+2420j),(2098+2451j),(1987+2470j),(1873+2473j),(1758+2445j),(1657+2402j),(1577+2338j),(1516+2264j),(1466+2169j),(1447+2056j),(1473+1939j),(1526+1830j),(1596+1729j),(1694+1637j),(1812+1567j),(1936+1509j),(2070+1482j),(2211+1493j),(2324+1530j),(2417+1584j),(2492+1664j),(2542+1767j),(2547+1876j),(2522+1987j),(2477+2100j),(2390+2209j),(2282+2287j),(2168+2351j),(2049+2396j),(1926+2407j),(1816+2392j),(1724+2361j),(1646+2312j),(1600+2236j),(2053+2052j),(2081+2067j),(2167+2081j),(2279+2068j)
(2052+2041j),(2064+2060j),(2054+2112j),(2028+2176j),(1944+2224j),(1887+2244j),(1837+2240j),(1799+2230j),(1743+2200j),(1725+2151j),(1739+2096j),(1754+2040j),(1790+1985j),(1834+1941j),(1885+1891j),(1950+1848j),(2018+1821j),(2106+1805j),(2160+1822j),(2214+1819j),(2281+1846j),(2317+1890j),(2326+1931j),(2335+1972j),(2340+2012j),(2318+2064j),(2292+2092j),(2266+2139j),(2218+2166j),(2177+2176j),(2150+2184j),(2108+2208j),(2053+2216j),(2009+2196j),(1980+2180j),(1956+2161j),(1930+2130j),(1930+2100j),(1912+2074j),(1926+2037j),(1935+2009j),(1956+1982j),(1980+1961j),(2005+1940j),(2040+1921j),(2068+1917j),(2595+2100j),(2030.2391304347825+2048.913043478261j),(2030.2391304347825+2048.913043478261j),(2030.2391304347825+2048.913043478261j)
(2048+2048j),(2021+2077j),(1988+2109j),(1936+2149j),(1875+2176j),(1813+2182j),(1760+2165j),(1739+2128j),(1747+2095j),(1752+2060j),(1765+2023j),(1792+1982j),(1832+1932j),(1883+1894j),(1941+1865j),(2002+1840j),(2059+1826j),(2115+1819j),(2179+1813j),(2238+1832j),(2279+1857j),(2315+1887j),(2350+1920j),(2372+1964j),(2374+2011j),(2377+2058j),(2356+2118j),(2312+2156j),(2277+2190j),(2233+2230j),(2172+2256j),(2114+2264j),(2067+2268j),(2017+2272j),(1962+2256j),(1923+2231j),(1896+2204j),(1871+2161j),(1869+2114j),(1874+2075j),(1891+2033j),(1912+1993j),(1945+1956j),(1985+1930j),(2027+1909j),(2075+1885j),(2041+2053j),(2019+2068j),(2001+2098j),(1982+2129j)
(2048+2048j),(2047+2053j),(2042+2049j),(2044+2045j),(2054+2059j),(2040+2072j),(2025+2074j),(2010+2064j),(2011+2058j),(2008+2055j),(2001+2042j),(2001+2029j),(2010+2017j),(2026+2002j),(2035+1996j),(2046+1988j),(2073+1982j),(2089+1980j),(2109+1979j),(2131+1998j),(2131+2015j),(2127+2028j),(2130+2045j),(2136+2067j),(2115+2089j),(2097+2094j),(2085+2113j),(2062+2121j),(2046+2125j),(2024+2131j),(1992+2135j),(1969+2122j),(1954+2101j),(1951+2087j),(1948+2075j),(1943+2049j),(1954+2026j),(1973+2007j),(2004+1985j),(2024+1976j),(2048+1974j),(2068+1973j),(2089+1968j),(2110+1977j),(2122+1992j),(2130+2007j),(2054+2048j),(2048+2042j),(2034+2035j),(2019+2033j)
(2050+2039j),(2062+2043j),(2069+2051j),(2065+2057j),(2057+2059j),(2056+2063j),(2052+2060j),(2046+2057j),(2044+2060j),(2041+2058j),(2040+2050j),(2040+2049j),(2042+2050j),(2042+2043j),(2048+2033j),(2058+2029j),(2064+2032j),(2068+2035j),(2066+2041j),(2069+2045j),(2077+2049j),(2072+2056j),(2066+2068j),(2060+2079j),(2050+2080j),(2037+2083j),(2029+2083j),(2024+2082j),(2011+2078j),(2003+2070j),(2002+2064j),(2001+2052j),(2002+2041j),(2007+2029j),(2019+2019j),(2033+2012j),(2044+2006j),(2060+2008j),(2069+2012j),(2070+2013j),(2077+2017j),(2086+2028j),(2085+2037j),(2075+2042j),(2075+2051j),(2068+2064j),(1832+2661j),(2049.586956521739+2047.3260869565217j),(2049.586956521739+2047.3260869565217j),(2049.586956521739+2047.3260869565217j)
(2047+2041j),(2042+2041j),(2044+2037j),(2044+2029j),(2048+2023j),(2055+2024j),(2061+2025j),(2065+2022j),(2071+2024j),(2074+2034j),(2072+2040j),(2070+2042j),(2067+2047j),(2066+2055j),(2058+2059j),(2052+2057j),(2048+2061j),(2040+2061j),(2034+2058j),(2031+2059j),(2027+2059j),(2027+2054j),(2025+2048j),(2033+2045j),(2038+2047j),(2042+2044j),(2042+2043j),(2046+2042j),(2054+2044j),(2054+2044j),(2053+2045j),(2053+2050j),(2052+2051j),(2047+2052j),(2046+2055j),(2042+2056j),(2039+2053j),(2035+2053j),(2038+2050j),(2036+2047j),(2034+2043j),(2033+2040j),(2040+2037j),(2044+2037j),(2046+2035j),(2054+2038j),(2049+2048j),(2044+2047j),(2046+2047j),(2034+2041j)
(2048+2048j),(2041+2053j),(2037+2046j),(2034+2036j),(2048+2037j),(2045+2037j),(2039+2031j),(2043+2029j),(2055+2033j),(2050+2032j),(2046+2031j),(2050+2038j),(2048+2037j),(2051+2034j),(2054+2042j),(2050+2048j),(2048+2043j),(2046+2042j),(2054+2038j),(2056+2042j),(2051+2041j),(2048+2040j),(2055+2040j),(2063+2044j),(2053+2048j),(2056+2050j),(2059+2061j),(2055+2057j),(2055+2056j),(2059+2068j),(2050+2074j),(2042+2068j),(2040+2065j),(2042+2071j),(2034+2069j),(2028+2063j),(2031+2059j),(2029+2055j),(2033+2051j),(2031+2049j),(2037+2047j),(2042+2041j),(2044+2036j),(2053+2037j),(2058+2042j),(2058+2039j),(2049+2050j),(2048+2047j),(2041+2047j),(2044+2054j)
(2044+2049j),(2049+2052j),(2049+2058j),(2047+2061j),(2036+2056j),(2040+2055j),(2042+2054j),(2039+2050j),(2032+2046j),(2035+2045j),(2040+2041j),(2040+2036j),(2046+2039j),(2048+2042j),(2045+2037j),(2049+2035j),(2052+2038j),(2054+2039j),(2048+2045j),(2048+2042j),(2057+2046j),(2057+2048j),(2050+2049j),(2048+2050j),(2051+2050j),(2045+2049j),(2043+2044j),(2047+2050j),(2043+2045j),(2039+2036j),(2046+2035j),(2051+2038j),(2050+2040j),(2047+2039j),(2051+2042j),(2053+2044j),(2051+2044j),(2055+2045j),(2053+2048j),(2052+2045j),(2048+2045j),(2049+2051j),(2047+2055j),(2040+2051j),(2038+2050j),(2040+2054j),(2394+2318j),(2046.391304347826+2045.9347826086957j),(2046.391304347826+2045.9347826086957j),(2046.391304347826+2045.9347826086957j)
(2043+2045j),(2045+2049j),(2045+2048j),(2042+2046j),(2046+2045j),(2049+2048j),(2049+2049j),(2046+2044j),(2050+2045j),(2053+2049j),(2053+2046j),(2054+2043j),(2057+2047j),(2054+2047j),(2051+2044j),(2054+2048j),(2054+2052j),(2048+2052j),(2044+2053j),(2044+2053j),(2042+2050j),(2039+2047j),(2039+2046j),(2043+2049j),(2039+2050j),(2036+2045j),(2036+2048j),(2039+2046j),(2040+2041j),(2040+2037j),(2044+2041j),(2044+2040j),(2044+2037j),(2047+2039j),(2049+2044j),(2048+2042j),(2050+2041j),(2055+2045j),(2058+2047j),(2053+2047j),(2053+2048j),(2056+2052j),(2055+2053j),(2053+2051j),(2054+2054j),(2054+2058j),(2060+2055j),(2058+2053j),(2062+2050j),(2056+2044j)
(2049+2051j),(2056+2051j),(2057+2054j),(2057+2060j),(2049+2057j),(2054+2058j),(2053+2059j),(2049+2059j),(2043+2058j),(2044+2057j),(2046+2055j),(2044+2056j),(2045+2058j),(2038+2058j),(2032+2055j),(2034+2051j),(2034+2053j),(2034+2054j),(2027+2058j),(2027+2051j),(2035+2051j),(2033+2048j),(2031+2047j),(2029+2048j),(2032+2039j),(2036+2035j),(2041+2029j),(2050+2033j),(2049+2033j),(2052+2026j),(2062+2026j),(2066+2030j),(2067+2035j),(2065+2036j),(2073+2041j),(2074+2046j),(2069+2050j),(2070+2057j),(2061+2061j),(2058+2061j),(2052+2065j),(2049+2067j),(2041+2067j),(2031+2064j),(2028+2059j),(2025+2060j),(2049+2050j),(2054+2051j),(2053+2051j),(2053+2052j)
(2045+2050j),(2045+2052j),(2041+2053j),(2037+2052j),(2030+2049j),(2025+2047j),(2024+2047j),(2020+2041j),(2019+2034j),(2023+2035j),(2026+2031j),(2025+2025j),(2029+2022j),(2035+2019j),(2038+2016j),(2047+2012j),(2058+2016j),(2062+2018j),(2064+2017j),(2069+2020j),(2078+2025j),(2084+2030j),(2083+2038j),(2082+2043j),(2084+2051j),(2081+2060j),(2072+2065j),(2067+2073j),(2062+2077j),(2053+2078j),(2047+2078j),(2042+2082j),(2035+2082j),(2024+2080j),(2022+2078j),(2019+2075j),(2019+2066j),(2021+2061j),(2025+2059j),(2027+2054j),(2026+2047j),(2031+2044j),(2041+2042j),(2047+2038j),(2052+2035j),(2058+2035j),(1682+2444j),(2044.4347826086957+2046.7826086956522j),(2044.4347826086957+2046.7826086956522j),(2044.4347826086957+2046.7826086956522j)
(2046+2047j),(2049+2047j),(2054+2050j),(2059+2055j),(2057+2056j),(2063+2058j),(2068+2065j),(2067+2071j),(2062+2074j),(2061+2081j),(2057+2086j),(2049+2090j),(2039+2094j),(2028+2097j),(2013+2093j),(2007+2083j),(2002+2078j),(1998+2069j),(1989+2058j),(1986+2042j),(1994+2031j),(2001+2017j),(2007+2002j),(2020+1992j),(2041+1983j),(2057+1981j),(2072+1974j),(2090+1980j),(2100+1985j),(2107+1989j),(2116+2000j),(2118+2017j),(2114+2032j),(2107+2041j),(2103+2053j),(2092+2064j),(2079+2071j),(2065+2081j),(2048+2087j),(2039+2085j),(2028+2085j),(2020+2083j),(2013+2080j),(2006+2072j),(2003+2063j),(2001+2057j),(2049+2050j),(2055+2054j),(2061+2057j),(2060+2058j)
(2047+2039j),(2030+2032j),(2013+2013j),(1997+1983j),(1996+1950j),(2004+1922j),(2023+1900j),(2047+1880j),(2079+1876j),(2108+1885j),(2132+1891j),(2156+1902j),(2177+1922j),(2197+1949j),(2206+1977j),(2208+2006j),(2209+2042j),(2199+2076j),(2186+2107j),(2163+2146j),(2133+2173j),(2099+2193j),(2066+2207j),(2037+2222j),(2002+2235j),(1966+2231j),(1928+2227j),(1899+2211j),(1884+2188j),(1864+2166j),(1852+2141j),(1852+2111j),(1861+2073j),(1878+2042j),(1902+2017j),(1930+1992j),(1961+1968j),(1989+1949j),(2032+1937j),(2070+1934j),(2105+1937j),(2137+1949j),(2168+1966j),(2186+1991j),(2190+2015j),(2196+2040j),(2052+2041j),(2050+2030j),(2037+2010j),(2021+1990j)
(2039+2051j),(2013+2062j),(1966+2064j),(1919+2059j),(1870+2032j),(1854+1997j),(1857+1961j),(1872+1934j),(1889+1906j),(1925+1878j),(1971+1860j),(2017+1847j),(2070+1845j),(2117+1848j),(2167+1855j),(2214+1874j),(2252+1909j),(2277+1951j),(2279+1997j),(2288+2032j),(2286+2084j),(2266+2129j),(2238+2175j),(2197+2216j),(2158+2245j),(2105+2272j),(2057+2279j),(2008+2292j),(1953+2281j),(1913+2258j),(1885+2236j),(1863+2204j),(1851+2171j),(1845+2126j),(1860+2085j),(1882+2045j),(1910+2000j),(1952+1970j),(1988+1949j),(2033+1928j),(2076+1916j),(2126+1916j),(2161+1929j),(2188+1943j),(2215+1965j),(2221+1992j),(1868+1664j),(2045.5+2034.0869565217392j),(2045.5+2034.0869565217392j),(2045.5+2034.0869565217392j)
(2049+2059j),(2027+2073j),(1994+2099j),(1948+2124j),(1897+2129j),(1853+2117j),(1830+2100j),(1818+2076j),(1816+2040j),(1826+2008j),(1852+1980j),(1885+1950j),(1918+1925j),(1960+1901j),(2006+1882j),(2055+1864j),(2112+1857j),(2163+1867j),(2208+1883j),(2247+1903j),(2280+1934j),(2306+1975j),(2311+2016j),(2305+2057j),(2288+2103j),(2265+2142j),(2235+2175j),(2192+2208j),(2152+2235j),(2103+2256j),(2039+2261j),(1986+2247j),(1952+2223j),(1926+2193j),(1899+2161j),(1887+2123j),(1895+2087j),(1899+2050j),(1916+2010j),(1951+1978j),(1985+1952j),(2018+1930j),(2057+1916j),(2100+1913j),(2134+1917j),(2162+1924j),(2047+2046j),(2033+2041j),(2012+2037j),(1972+2030j)
(2049+2051j),(2050+2057j),(2043+2067j),(2036+2077j),(2016+2081j),(2012+2069j),(2014+2071j),(2006+2079j),(1992+2076j),(1983+2068j),(1982+2059j),(1985+2048j),(1990+2032j),(2001+2017j),(2012+2008j),(2032+1995j),(2052+1987j),(2074+1982j),(2096+1988j),(2116+1987j),(2140+1994j),(2153+2015j),(2151+2036j),(2149+2046j),(2144+2065j),(2131+2083j),(2125+2095j),(2104+2110j),(2076+2120j),(2051+2127j),(2027+2123j),(2004+2118j),(1979+2115j),(1964+2098j),(1952+2082j),(1940+2058j),(1945+2035j),(1954+2011j),(1969+1985j),(1994+1966j),(2029+1956j),(2056+1956j),(2075+1955j),(2102+1961j),(2122+1973j),(2133+1981j),(2049+2045j),(2035+2041j),(2026+2040j),(2006+2035j)
(2053+2043j),(2069+2056j),(2065+2095j),(2059+2137j),(2017+2169j),(1994+2181j),(1977+2179j),(1932+2174j),(1869+2155j),(1848+2128j),(1851+2103j),(1842+2073j),(1860+2037j),(1873+2013j),(1889+1975j),(1934+1933j),(1967+1920j),(2006+1897j),(2039+1886j),(2083+1858j),(2145+1858j),(2187+1868j),(2227+1875j),(2261+1899j),(2302+1920j),(2324+1970j),(2331+2013j),(2321+2078j),(2283+2128j),(2241+2162j),(2203+2198j),(2143+2234j),(2074+2259j),(2001+2253j),(1943+2239j),(1903+2213j),(1860+2180j),(1842+2138j),(1820+2092j),(1835+2034j),(1849+1980j),(1890+1929j),(1945+1885j),(2004+1852j),(2076+1829j),(2142+1836j),(2420+2348j),(2029.9782608695652+2042.0434782608695j),(2029.9782608695652+2042.0434782608695j),(2029.9782608695652+2042.0434782608695j)
(2048+2048j),(2046+2084j),(2056+2112j),(2033+2164j),(2008+2197j),(1963+2214j),(1931+2220j),(1912+2209j),(1893+2192j),(1865+2173j),(1846+2136j),(1860+2079j),(1881+2037j),(1919+2001j),(1966+1976j),(1998+1960j),(2032+1936j),(2069+1934j),(2107+1932j),(2131+1943j),(2137+1945j),(2162+1951j),(2170+1970j),(2173+1978j),(2176+2003j),(2168+2016j),(2160+2025j),(2150+2027j),(2157+2040j),(2147+2066j),(2112+2082j),(2092+2089j),(2074+2098j),(2051+2100j),(2021+2097j),(1992+2091j),(1983+2077j),(1968+2056j),(1968+2031j),(1967+2014j),(1976+1985j),(1995+1952j),(2029+1928j),(2075+1918j),(2110+1920j),(2144+1922j),(2041+2043j),(2022+2038j),(2004+2036j),(1965+2034j)
(2049+2050j),(2053+2091j),(2053+2164j),(2013+2253j),(1949+2336j),(1862+2396j),(1772+2411j),(1690+2397j),(1626+2356j),(1593+2294j),(1575+2215j),(1580+2123j),(1619+2030j),(1676+1938j),(1746+1845j),(1845+1762j),(1964+1703j),(2084+1661j),(2205+1644j),(2318+1657j),(2410+1695j),(2479+1745j),(2527+1819j),(2544+1907j),(2530+1995j),(2488+2078j),(2427+2158j),(2347+2228j),(2252+2275j),(2151+2302j),(2055+2311j),(1963+2292j),(1888+2251j),(1830+2201j),(1795+2141j),(1779+2064j),(1793+1978j),(1835+1904j),(1900+1839j),(1974+1781j),(2062+1742j),(2156+1732j),(2239+1742j),(2307+1766j),(2367+1810j),(2406+1868j),(2050+2039j),(2033+2017j),(2000+1976j),(1937+1934j)
(2058+2048j),(2081+2071j),(2108+2105j),(2133+2156j),(2124+2218j),(2096+2270j),(2044+2306j),(1983+2320j),(1936+2315j),(1891+2299j),(1847+2271j),(1808+2233j),(1788+2182j),(1782+2120j),(1789+2053j),(1820+1984j),(1873+1930j),(1923+1882j),(1979+1841j),(2050+1817j),(2109+1816j),(2156+1810j),(2217+1820j),(2260+1853j),(2283+1886j),(2299+1927j),(2299+1980j),(2269+2026j),(2237+2060j),(2198+2096j),(2152+2125j),(2101+2140j),(2049+2150j),(1994+2151j),(1947+2136j),(1912+2111j),(1884+2080j),(1873+2039j),(1882+1997j),(1896+1957j),(1923+1916j),(1968+1880j),(2022+1855j),(2075+1839j),(2136+1833j),(2199+1849j),(1579+1790j),(2031.5869565217392+2038.108695652174j),(2031.5869565217392+2038.108695652174j),(2031.5869565217392+2038.108695652174j)
(2048+2048j),(2037+2045j),(2019+2038j),(2001+2025j),(2010+2015j),(2002+2015j),(2000+2002j),(2008+1993j),(2019+1988j),(2030+1987j),(2041+1978j),(2064+1975j),(2086+1984j),(2098+1994j),(2107+2009j),(2111+2029j),(2113+2041j),(2109+2056j),(2103+2069j),(2099+2089j),(2083+2100j),(2067+2103j),(2054+2108j),(2041+2111j),(2025+2107j),(2016+2092j),(2016+2089j),(2010+2078j),(2011+2061j),(2014+2050j),(2021+2039j),(2038+2029j),(2050+2024j),(2063+2026j),(2074+2028j),(2080+2032j),(2085+2036j),(2089+2047j),(2093+2056j),(2083+2065j),(2083+2072j),(2079+2081j),(2074+2085j),(2064+2091j),(2044+2101j),(2026+2097j),(2049+2046j),(2051+2049j),(2063+2048j),(2076+2043j)
(2051+2045j),(2063+2053j),(2081+2059j),(2097+2072j),(2107+2097j),(2102+2128j),(2082+2151j),(2049+2161j),(2026+2166j),(2000+2171j),(1968+2161j),(1940+2142j),(1922+2120j),(1913+2091j),(1912+2053j),(1924+2019j),(1946+1991j),(1975+1962j),(2009+1939j),(2048+1928j),(2083+1923j),(2119+1920j),(2154+1932j),(2187+1956j),(2199+1988j),(2193+2022j),(2176+2061j),(2147+2091j),(2117+2110j),(2080+2127j),(2039+2143j),(1997+2141j),(1958+2126j),(1930+2105j),(1915+2078j),(1908+2042j),(1916+2001j),(1938+1964j),(1981+1936j),(2013+1917j),(2054+1900j),(2098+1904j),(2136+1912j),(2169+1925j),(2196+1956j),(2213+1996j),(2052+2051j),(2053+2036j),(2032+2008j),(2002+1991j)
(2044+2036j),(2045+2029j),(2051+2011j),(2068+1991j),(2102+1978j),(2131+1976j),(2154+1985j),(2145+2010j),(2158+2036j),(2154+2053j),(2138+2073j),(2119+2095j),(2097+2107j),(2071+2115j),(2044+2119j),(2021+2121j),(1998+2118j),(1972+2109j),(1953+2099j),(1943+2079j),(1945+2054j),(1955+2031j),(1970+2017j),(1990+2004j),(2007+1995j),(2026+1991j),(2045+1993j),(2059+1998j),(2066+2005j),(2079+2015j),(2084+2029j),(2081+2041j),(2077+2054j),(2074+2069j),(2064+2082j),(2042+2089j),(2028+2092j),(2012+2095j),(1997+2090j),(1985+2084j),(1981+2076j),(1982+2067j),(1981+2054j),(1985+2041j),(2000+2035j),(2006+2025j),(2050+2048j),(2039+2052j),(2042+2058j),(2034+2070j)
(2051+2051j),(2052+2060j),(2064+2064j),(2065+2074j),(2076+2090j),(2060+2109j),(2048+2117j),(2032+2112j),(2027+2113j),(2020+2115j),(2000+2106j),(1990+2089j),(1985+2077j),(1994+2058j),(1998+2043j),(1998+2034j),(2012+2018j),(2026+2006j),(2043+1993j),(2060+2000j),(2069+2002j),(2081+2000j),(2088+2003j),(2099+2010j),(2100+2029j),(2089+2035j),(2073+2046j),(2067+2044j),(2067+2045j),(2059+2050j),(2048+2060j),(2036+2059j),(2027+2044j),(2022+2042j),(2027+2037j),(2027+2029j),(2036+2018j),(2040+2016j),(2052+2019j),(2049+2023j),(2048+2020j),(2049+2020j),(2054+2019j),(2060+2015j),(2066+2019j),(2070+2029j),(2046+2049j),(2042+2048j),(2039+2039j),(2026+2038j)
(2049+2042j),(2060+2043j),(2070+2051j),(2084+2067j),(2072+2078j),(2075+2086j),(2068+2099j),(2054+2110j),(2032+2113j),(2014+2108j),(2006+2102j),(1994+2093j),(1986+2078j),(1982+2068j),(1979+2052j),(1988+2027j),(2000+2013j),(2020+2001j),(2036+1993j),(2055+1982j),(2080+1987j),(2093+1997j),(2103+2002j),(2105+2015j),(2109+2025j),(2108+2043j),(2099+2054j),(2082+2068j),(2066+2080j),(2050+2084j),(2034+2086j),(2016+2088j),(2002+2084j),(1987+2066j),(1984+2045j),(1998+2028j),(2006+2015j),(2022+2004j),(2032+1997j),(2054+1994j),(2067+1991j),(2082+1991j),(2097+1999j),(2105+2009j),(2116+2018j),(2117+2042j),(2043+2042j),(2041+2032j),(2041+2023j),(2025+2010j)
(2048+2048j),(2050+2039j),(2057+2041j),(2066+2044j),(2059+2046j),(2059+2049j),(2055+2055j),(2047+2056j),(2039+2052j),(2042+2048j),(2051+2045j),(2055+2045j),(2056+2049j),(2051+2056j),(2042+2055j),(2043+2048j),(2043+2048j),(2049+2045j),(2051+2046j),(2049+2047j),(2050+2048j),(2048+2048j),(2045+2046j),(2044+2045j),(2048+2044j),(2049+2051j),(2042+2052j),(2036+2055j),(2031+2051j),(2032+2043j),(2038+2038j),(2046+2045j),(2046+2049j),(2038+2048j),(2039+2049j),(2039+2050j),(2038+2045j),(2046+2044j),(2053+2046j),(2058+2050j),(2052+2054j),(2047+2055j),(2042+2057j),(2038+2052j),(2042+2044j),(2046+2043j),(2049+2044j),(2047+2048j),(2046+2055j),(2044+2059j)
(2045+2044j),(2050+2046j),(2044+2051j),(2040+2053j),(2029+2049j),(2043+2043j),(2049+2043j),(2047+2046j),(2045+2049j),(2045+2048j),(2044+2043j),(2046+2041j),(2054+2044j),(2053+2049j),(2048+2046j),(2056+2043j),(2058+2051j),(2057+2051j),(2050+2054j),(2051+2052j),(2054+2053j),(2047+2053j),(2046+2051j),(2050+2053j),(2048+2047j),(2045+2047j),(2047+2046j),(2045+2047j),(2041+2042j),(2043+2039j),(2052+2040j),(2055+2042j),(2054+2044j),(2054+2041j),(2057+2044j),(2058+2045j),(2052+2047j),(2055+2053j),(2051+2056j),(2052+2057j),(2046+2059j),(2051+2061j),(2047+2061j),(2039+2057j),(2044+2053j),(2046+2058j),(2050+2049j),(2048+2048j),(2045+2045j),(2042+2047j)
(2044+2055j),(2039+2056j),(2034+2052j),(2031+2052j),(2035+2052j),(2033+2049j),(2027+2043j),(2033+2041j),(2041+2041j),(2041+2036j),(2045+2035j),(2051+2039j),(2053+2038j),(2054+2038j),(2058+2040j),(2060+2046j),(2059+2049j),(2056+2052j),(2058+2057j),(2057+2061j),(2050+2060j),(2045+2061j),(2047+2063j),(2045+2060j),(2038+2058j),(2040+2057j),(2042+2058j),(2043+2048j),(2047+2042j),(2050+2046j),(2046+2045j),(2046+2039j),(2050+2035j),(2059+2038j),(2063+2039j),(2063+2042j),(2064+2047j),(2063+2052j),(2057+2055j),(2048+2057j),(2050+2059j),(2047+2057j),(2044+2053j),(2047+2055j),(2047+2059j),(2042+2056j),(2048+2045j),(2047+2043j),(2047+2045j),(2053+2048j)
(2045+2053j),(2052+2057j),(2046+2064j),(2040+2065j),(2020+2052j),(2035+2043j),(2044+2037j),(2049+2036j),(2052+2038j),(2057+2040j),(2059+2039j),(2058+2041j),(2064+2045j),(2060+2047j),(2056+2045j),(2067+2046j),(2066+2060j),(2057+2066j),(2041+2072j),(2035+2062j),(2042+2059j),(2040+2057j),(2037+2055j),(2037+2058j),(2037+2051j),(2035+2047j),(2039+2039j),(2045+2043j),(2044+2037j),(2046+2030j),(2062+2032j),(2069+2039j),(2066+2047j),(2060+2048j),(2064+2052j),(2065+2053j),(2058+2058j),(2060+2064j),(2053+2069j),(2046+2067j),(2037+2060j),(2040+2059j),(2036+2056j),(2032+2050j),(2040+2043j),(2045+2046j),(2050+2051j),(2047+2054j),(2052+2047j),(2045+2044j)
(2048+2048j),(2040+2055j),(2042+2054j),(2039+2046j),(2049+2041j),(2054+2045j),(2057+2046j),(2053+2042j),(2057+2045j),(2055+2052j),(2047+2051j),(2044+2046j),(2050+2045j),(2053+2045j),(2048+2047j),(2046+2049j),(2046+2048j),(2042+2045j),(2041+2042j),(2048+2046j),(2051+2048j),(2050+2046j),(2048+2043j),(2053+2045j),(2053+2047j),(2052+2038j),(2054+2039j),(2059+2039j),(2062+2039j),(2058+2041j),(2052+2045j),(2047+2046j),(2047+2037j),(2048+2038j),(2053+2044j),(2047+2047j),(2041+2047j),(2038+2049j),(2045+2048j),(2041+2046j),(2041+2044j),(2045+2045j),(2050+2047j),(2049+2047j),(2044+2050j),(2045+2052j),(2045+2053j),(2045+2058j),(2058+2056j),(2057+2044j)
(2036+2043j),(2045+2045j),(2040+2048j),(2047+2047j),(2034+2032j),(2057+2028j),(2072+2033j),(2070+2046j),(2058+2052j),(2054+2051j),(2056+2048j),(2056+2050j),(2064+2056j),(2056+2062j),(2045+2061j),(2050+2054j),(2045+2067j),(2040+2064j),(2026+2063j),(2026+2043j),(2044+2040j),(2050+2043j),(2044+2048j),(2042+2053j),(2046+2042j),(2050+2045j),(2063+2036j),(2068+2049j),(2063+2054j),(2056+2048j),(2066+2048j),(2063+2060j),(2046+2072j),(2033+2059j),(2037+2059j),(2043+2056j),(2031+2058j),(2032+2062j),(2017+2061j),(2021+2045j),(2025+2034j),(2040+2035j),(2039+2037j),(2038+2036j),(2049+2030j),(2049+2037j),(1705+1882j),(2046.3478260869565+2048.695652173913j),(2046.3478260869565+2048.695652173913j),(2046.3478260869565+2048.695652173913j)
(2046+2046j),(2042+2042j),(2041+2041j),(2048+2039j),(2041+2031j),(2052+2025j),(2063+2033j),(2063+2041j),(2053+2041j),(2052+2041j),(2057+2041j),(2056+2040j),(2057+2043j),(2058+2053j),(2052+2059j),(2046+2056j),(2039+2059j),(2038+2057j),(2036+2054j),(2034+2046j),(2041+2045j),(2048+2052j),(2041+2054j),(2034+2050j),(2042+2046j),(2048+2045j),(2052+2036j),(2057+2044j),(2060+2051j),(2052+2049j),(2053+2049j),(2054+2054j),(2051+2057j),(2045+2052j),(2046+2053j),(2049+2055j),(2044+2057j),(2041+2053j),(2035+2049j),(2043+2046j),(2046+2044j),(2047+2040j),(2049+2047j),(2049+2050j),(2047+2043j),(2046+2044j),(2044+2048j),(2040+2054j),(2050+2063j),(2049+2058j)
(2048+2045j),(2052+2041j),(2056+2037j),(2068+2042j),(2062+2040j),(2068+2038j),(2073+2041j),(2078+2051j),(2074+2053j),(2069+2054j),(2069+2059j),(2063+2062j),(2057+2063j),(2045+2064j),(2035+2065j),(2034+2060j),(2029+2060j),(2026+2057j),(2025+2059j),(2021+2049j),(2028+2040j),(2034+2041j),(2037+2039j),(2039+2032j),(2046+2027j),(2054+2034j),(2060+2031j),(2061+2037j),(2059+2044j),(2060+2045j),(2064+2044j),(2063+2050j),(2058+2058j),(2052+2057j),(2047+2057j),(2044+2060j),(2034+2064j),(2031+2061j),(2020+2056j),(2023+2047j),(2025+2044j),(2028+2039j),(2029+2033j),(2035+2032j),(2045+2025j),(2048+2024j),(2055+2045j),(2050+2045j),(2050+2052j),(2042+2052j)
(2050+2047j),(2054+2035j),(2067+2025j),(2090+2020j),(2107+2017j),(2122+2021j),(2134+2034j),(2135+2051j),(2126+2061j),(2115+2072j),(2106+2090j),(2086+2104j),(2058+2113j),(2028+2117j),(2005+2113j),(1990+2097j),(1980+2083j),(1975+2071j),(1975+2057j),(1974+2043j),(1979+2030j),(1988+2018j),(1998+2002j),(2014+1989j),(2039+1986j),(2064+1991j),(2083+2000j),(2088+2018j),(2087+2036j),(2084+2049j),(2072+2056j),(2063+2065j),(2062+2076j),(2052+2084j),(2038+2089j),(2028+2094j),(2006+2096j),(1991+2082j),(1983+2066j),(1987+2056j),(1991+2046j),(1998+2032j),(2008+2023j),(2021+2017j),(2031+2009j),(2042+2003j),(2548+1988j),(2042.9130434782608+2049.6521739130435j),(2042.9130434782608+2049.6521739130435j),(2042.9130434782608+2049.6521739130435j)
(2057+2049j),(2065+2053j),(2069+2067j),(2082+2092j),(2060+2119j),(2044+2130j),(2018+2142j),(1999+2144j),(1984+2134j),(1970+2121j),(1965+2109j),(1963+2093j),(1964+2073j),(1964+2056j),(1968+2035j),(1988+2008j),(2002+1993j),(2027+1973j),(2059+1967j),(2079+1963j),(2098+1966j),(2116+1975j),(2135+1987j),(2132+2007j),(2128+2018j),(2129+2038j),(2115+2050j),(2098+2059j),(2088+2068j),(2081+2081j),(2062+2090j),(2034+2090j),(2014+2091j),(1990+2074j),(1983+2047j),(1995+2035j),(1994+2026j),(2005+2010j),(2012+2000j),(2027+1994j),(2038+1980j),(2064+1966j),(2087+1966j),(2112+1972j),(2134+1979j),(2142+1996j),(2049+2045j),(2035+2038j),(2023+2034j),(1986+2032j)
(2045+2041j),(2051+2009j),(2081+1956j),(2150+1903j),(2213+1863j),(2294+1859j),(2352+1887j),(2375+1929j),(2378+1978j),(2372+2035j),(2338+2101j),(2279+2157j),(2218+2208j),(2142+2256j),(2056+2279j),(1975+2287j),(1889+2286j),(1818+2256j),(1765+2207j),(1733+2139j),(1746+2071j),(1778+2011j),(1819+1960j),(1868+1919j),(1932+1888j),(1993+1879j),(2049+1875j),(2102+1889j),(2142+1913j),(2171+1944j),(2197+1985j),(2203+2047j),(2172+2111j),(2120+2149j),(2074+2176j),(2025+2199j),(1966+2202j),(1924+2195j),(1877+2185j),(1851+2152j),(1842+2111j),(1848+2077j),(1851+2050j),(1861+2009j),(1894+1966j),(1933+1940j),(2054+2049j),(2047+2065j),(2044+2093j),(2055+2122j)
(2056+2041j),(2111+2022j),(2211+2003j),(2329+2012j),(2418+2057j),(2465+2125j),(2466+2197j),(2429+2273j),(2365+2336j),(2285+2380j),(2200+2407j),(2109+2435j),(1997+2450j),(1872+2437j),(1759+2394j),(1687+2328j),(1630+2263j),(1581+2174j),(1565+2079j),(1569+1971j),(1620+1854j),(1698+1757j),(1798+1679j),(1917+1618j),(2035+1574j),(2165+1567j),(2287+1588j),(2375+1645j),(2436+1710j),(2475+1794j),(2500+1887j),(2487+2002j),(2419+2127j),(2318+2228j),(2193+2305j),(2058+2349j),(1918+2373j),(1796+2360j),(1682+2316j),(1597+2246j),(1543+2162j),(1526+2059j),(1541+1940j),(1598+1828j),(1701+1724j),(1829+1645j),(2027+2638j),(2013.391304347826+2059.1521739130435j),(2013.391304347826+2059.1521739130435j),(2013.391304347826+2059.1521739130435j)
(2049+2047j),(2066+2051j),(2087+2047j),(2122+2051j),(2146+2075j),(2142+2099j),(2136+2106j),(2132+2121j),(2116+2143j),(2091+2151j),(2070+2163j),(2034+2180j),(1987+2186j),(1948+2171j),(1918+2152j),(1892+2131j),(1885+2095j),(1887+2062j),(1884+2034j),(1894+1995j),(1924+1952j),(1962+1916j),(2009+1886j),(2069+1868j),(2117+1866j),(2161+1868j),(2206+1884j),(2242+1906j),(2269+1939j),(2282+1985j),(2279+2043j),(2243+2107j),(2179+2156j),(2121+2184j),(2064+2203j),(2001+2213j),(1938+2209j),(1888+2193j),(1849+2163j),(1815+2120j),(1807+2066j),(1821+2013j),(1850+1960j),(1890+1910j),(1950+1877j),(2012+1856j),(2044+2047j),(2018+2060j),(2000+2093j),(1985+2140j)
(2036+2047j),(1994+2044j),(1924+2015j),(1866+1960j),(1835+1900j),(1840+1831j),(1865+1771j),(1909+1723j),(1979+1696j),(2048+1685j),(2113+1690j),(2182+1707j),(2256+1736j),(2318+1786j),(2363+1850j),(2394+1926j),(2402+2015j),(2369+2104j),(2331+2185j),(2278+2266j),(2193+2327j),(2106+2357j),(2042+2378j),(1969+2392j),(1887+2378j),(1834+2348j),(1798+2317j),(1775+2262j),(1784+2205j),(1796+2168j),(1808+2122j),(1836+2066j),(1891+2026j),(1942+2016j),(1972+2003j),(2007+1989j),(2034+1981j),(2072+1973j),(2124+1973j),(2155+1992j),(2175+2016j),(2193+2041j),(2201+2063j),(2199+2089j),(2192+2117j),(2189+2137j),(2043+2040j),(2016+2025j),(1984+2008j),(1945+1994j)
(2048+2048j),(2002+2101j),(1908+2173j),(1785+2228j),(1637+2246j),(1541+2213j),(1487+2151j),(1467+2075j),(1492+1992j),(1550+1919j),(1619+1852j),(1698+1779j),(1816+1719j),(1933+1679j),(2047+1652j),(2168+1644j),(2246+1660j),(2278+1690j),(2293+1740j),(2467+1805j),(2555+1887j),(2582+1972j),(2579+2058j),(2555+2147j),(2512+2223j),(2442+2304j),(2353+2372j),(2256+2428j),(2153+2453j),(2062+2458j),(1976+2447j),(1896+2419j),(1830+2380j),(1776+2328j),(1746+2267j),(1726+2198j),(1711+2119j),(1735+2029j),(1789+1940j),(1858+1863j),(1937+1797j),(2042+1753j),(2143+1730j),(2235+1719j),(2342+1721j),(2440+1764j),(837+2795j),(2015.5+2024.8260869565217j),(2015.5+2024.8260869565217j),(2015.5+2024.8260869565217j)
(2051+2049j),(2064+2068j),(2064+2123j),(2051+2186j),(2004+2243j),(1956+2285j),(1901+2303j),(1855+2317j),(1794+2308j),(1748+2269j),(1736+2223j),(1725+2177j),(1726+2116j),(1732+2056j),(1762+1983j),(1823+1913j),(1886+1863j),(1955+1817j),(2021+1795j),(2097+1753j),(2195+1737j),(2279+1750j),(2350+1783j),(2389+1832j),(2417+1871j),(2433+1940j),(2425+1994j),(2395+2059j),(2346+2112j),(2295+2152j),(2251+2183j),(2189+2215j),(2120+2244j),(2047+2247j),(1980+2233j),(1930+2205j),(1886+2174j),(1870+2132j),(1845+2092j),(1850+2044j),(1863+2005j),(1883+1963j),(1906+1917j),(1946+1877j),(2017+1841j),(2070+1832j),(2043+2042j),(2021+2053j),(1992+2091j),(1975+2153j)
(2049+2038j),(2037+2036j),(2009+2023j),(1985+1997j),(1972+1968j),(1971+1941j),(2010+1913j),(2029+1890j),(2040+1875j),(2049+1872j),(2048+1872j),(2082+1871j),(2144+1891j),(2178+1919j),(2194+1939j),(2210+1968j),(2217+2002j),(2216+2035j),(2205+2065j),(2192+2100j),(2169+2136j),(2138+2161j),(2111+2183j),(2081+2202j),(2050+2218j),(2014+2227j),(1976+2233j),(1946+2225j),(1923+2211j),(1899+2200j),(1875+2186j),(1861+2161j),(1849+2131j),(1845+2096j),(1860+2065j),(1882+2027j),(1914+1985j),(1956+1961j),(2005+1945j),(2050+1929j),(2099+1926j),(2142+1939j),(2175+1961j),(2197+1982j),(2209+2016j),(2214+2045j),(2044+2048j),(2042+2037j),(2021+2013j),(1989+1993j)
(2052+2033j),(2073+2007j),(2090+1972j),(2083+1929j),(2060+1873j),(2054+1829j),(2053+1825j),(2049+1843j),(2175+1861j),(2295+1890j),(2341+1926j),(2348+1971j),(2353+2020j),(2320+2083j),(2280+2127j),(2252+2170j),(2201+2232j),(2136+2282j),(2051+2318j),(1980+2319j),(1927+2330j),(1862+2335j),(1796+2329j),(1729+2311j),(1688+2261j),(1656+2220j),(1641+2155j),(1648+2106j),(1651+2043j),(1676+1965j),(1739+1899j),(1812+1854j),(1882+1828j),(1949+1797j),(2031+1781j),(2114+1784j),(2178+1804j),(2247+1842j),(2276+1891j),(2316+1937j),(2328+1994j),(2329+2059j),(2301+2131j),(2248+2189j),(2195+2233j),(2124+2279j),(2334+1848j),(2056.282608695652+2040.5869565217392j),(2056.282608695652+2040.5869565217392j),(2056.282608695652+2040.5869565217392j)
(2050+2048j),(2049+2068j),(2037+2102j),(2012+2147j),(1967+2186j),(1923+2202j),(1886+2202j),(1857+2194j),(1840+2178j),(1828+2151j),(1822+2123j),(1829+2090j),(1846+2054j),(1862+2017j),(1886+1979j),(1925+1946j),(1965+1917j),(2001+1893j),(2039+1873j),(2088+1854j),(2135+1843j),(2185+1839j),(2234+1850j),(2273+1871j),(2301+1897j),(2319+1936j),(2332+1976j),(2327+2019j),(2312+2054j),(2298+2096j),(2265+2135j),(2223+2166j),(2175+2194j),(2128+2215j),(2082+2225j),(2037+2225j),(1996+2218j),(1962+2203j),(1928+2180j),(1904+2149j),(1890+2122j),(1881+2088j),(1881+2050j),(1890+2013j),(1912+1975j),(1941+1940j),(2051+2044j),(2041+2062j),(2039+2097j),(2042+2131j)
(2047+2049j),(2053+2049j),(2064+2049j),(2075+2054j),(2085+2061j),(2084+2067j),(2083+2074j),(2085+2084j),(2082+2094j),(2066+2101j),(2053+2112j),(2042+2114j),(2029+2108j),(2018+2101j),(2012+2099j),(2003+2093j),(1996+2082j),(1988+2073j),(1989+2062j),(1988+2050j),(1990+2034j),(1998+2022j),(2008+2011j),(2016+1998j),(2027+1993j),(2041+1988j),(2055+1984j),(2064+1979j),(2080+1980j),(2096+1988j),(2098+1995j),(2101+2002j),(2106+2015j),(2103+2026j),(2096+2032j),(2093+2042j),(2091+2052j),(2082+2057j),(2077+2062j),(2069+2073j),(2058+2079j),(2046+2081j),(2033+2084j),(2026+2086j),(2015+2084j),(2005+2079j),(2047+2045j),(2047+2046j),(2058+2049j),(2064+2045j)
(2047+2039j),(2067+2026j),(2075+2028j),(2084+2044j),(2057+2042j),(2051+2034j),(2049+2037j),(2051+2047j),(2047+2045j),(2036+2034j),(2053+2029j),(2053+2033j),(2056+2032j),(2049+2037j),(2052+2031j),(2070+2021j),(2079+2029j),(2088+2041j),(2074+2062j),(2070+2048j),(2084+2056j),(2080+2072j),(2068+2085j),(2047+2091j),(2041+2086j),(2031+2098j),(2025+2088j),(2016+2103j),(1987+2107j),(1975+2083j),(1989+2062j),(1997+2060j),(1995+2062j),(1989+2044j),(2001+2025j),(2025+2019j),(2030+2017j),(2055+2018j),(2047+2024j),(2068+2019j),(2076+2024j),(2084+2029j),(2080+2043j),(2073+2052j),(2077+2051j),(2067+2061j),(2792+2238j),(2048.1521739130435+2048.217391304348j),(2048.1521739130435+2048.217391304348j),(2048.1521739130435+2048.217391304348j)
(2049+2056j),(2045+2055j),(2044+2051j),(2045+2049j),(2052+2052j),(2043+2048j),(2046+2042j),(2054+2040j),(2061+2039j),(2059+2037j),(2057+2040j),(2060+2041j),(2058+2039j),(2055+2035j),(2059+2042j),(2055+2047j),(2054+2043j),(2055+2045j),(2058+2048j),(2052+2055j),(2042+2050j),(2044+2048j),(2046+2050j),(2044+2048j),(2044+2052j),(2044+2055j),(2039+2054j),(2031+2045j),(2036+2039j),(2046+2045j),(2043+2044j),(2044+2041j),(2049+2044j),(2051+2048j),(2049+2044j),(2045+2042j),(2047+2045j),(2046+2042j),(2051+2039j),(2051+2047j),(2050+2049j),(2046+2047j),(2042+2044j),(2046+2043j),(2047+2043j),(2046+2041j),(2048+2048j),(2052+2046j),(2050+2048j),(2058+2049j)
(2051+2054j),(2051+2058j),(2046+2054j),(2041+2053j),(2043+2056j),(2037+2055j),(2033+2047j),(2038+2044j),(2045+2044j),(2046+2043j),(2043+2041j),(2047+2041j),(2051+2039j),(2052+2036j),(2055+2038j),(2058+2046j),(2058+2050j),(2053+2053j),(2053+2059j),(2051+2065j),(2045+2062j),(2042+2060j),(2043+2061j),(2041+2060j),(2034+2059j),(2032+2057j),(2033+2057j),(2031+2050j),(2031+2042j),(2039+2044j),(2043+2043j),(2043+2034j),(2046+2030j),(2053+2034j),(2055+2035j),(2057+2034j),(2061+2038j),(2063+2042j),(2064+2043j),(2060+2049j),(2058+2054j),(2055+2054j),(2047+2053j),(2045+2053j),(2046+2055j),(2042+2052j),(2047+2052j),(2046+2049j),(2050+2048j),(2054+2050j)
(2046+2044j),(2055+2038j),(2061+2046j),(2064+2060j),(2040+2058j),(2043+2052j),(2047+2056j),(2045+2062j),(2031+2056j),(2028+2049j),(2038+2047j),(2040+2044j),(2041+2043j),(2039+2045j),(2040+2039j),(2047+2030j),(2050+2033j),(2060+2038j),(2054+2050j),(2047+2039j),(2059+2038j),(2060+2043j),(2053+2046j),(2044+2047j),(2047+2043j),(2046+2048j),(2044+2040j),(2043+2047j),(2036+2050j),(2032+2040j),(2043+2031j),(2051+2039j),(2048+2049j),(2043+2043j),(2047+2037j),(2058+2042j),(2055+2044j),(2060+2047j),(2050+2054j),(2057+2055j),(2055+2057j),(2054+2059j),(2053+2065j),(2049+2065j),(2047+2058j),(2041+2061j),(2548+2316j),(2047.6304347826087+2047.3260869565217j),(2047.6304347826087+2047.3260869565217j),(2047.6304347826087+2047.3260869565217j)
(2043+2054j),(2033+2056j),(2033+2054j),(2036+2046j),(2051+2050j),(2047+2056j),(2050+2057j),(2048+2050j),(2055+2049j),(2061+2061j),(2053+2068j),(2044+2060j),(2043+2059j),(2049+2057j),(2051+2056j),(2042+2056j),(2044+2053j),(2041+2051j),(2044+2041j),(2044+2047j),(2039+2046j),(2041+2039j),(2042+2036j),(2050+2036j),(2053+2047j),(2049+2041j),(2045+2043j),(2045+2039j),(2057+2037j),(2058+2038j),(2053+2044j),(2050+2045j),(2050+2039j),(2052+2041j),(2049+2043j),(2045+2043j),(2051+2041j),(2045+2039j),(2057+2039j),(2054+2046j),(2048+2043j),(2046+2043j),(2052+2044j),(2054+2046j),(2048+2050j),(2048+2051j),(2051+2036j),(2051+2040j),(2059+2039j),(2048+2032j)
(2045+2054j),(2048+2054j),(2045+2055j),(2046+2059j),(2046+2065j),(2042+2068j),(2036+2066j),(2038+2073j),(2035+2076j),(2025+2071j),(2019+2068j),(2019+2068j),(2018+2060j),(2018+2052j),(2023+2049j),(2025+2043j),(2030+2037j),(2036+2033j),(2043+2029j),(2048+2026j),(2053+2024j),(2058+2024j),(2067+2028j),(2070+2028j),(2068+2030j),(2070+2035j),(2071+2038j),(2069+2039j),(2069+2042j),(2072+2047j),(2068+2049j),(2063+2049j),(2059+2052j),(2058+2054j),(2058+2052j),(2056+2053j),(2055+2054j),(2055+2054j),(2051+2055j),(2047+2055j),(2049+2054j),(2045+2052j),(2039+2049j),(2042+2050j),(2043+2050j),(2040+2047j),(2051+2051j),(2050+2050j),(2053+2051j),(2055+2050j)
(2049+2045j),(2053+2042j),(2052+2037j),(2052+2025j),(2061+2013j),(2075+2005j),(2084+2002j),(2093+2008j),(2104+2019j),(2104+2028j),(2101+2036j),(2100+2051j),(2093+2066j),(2081+2074j),(2072+2078j),(2067+2085j),(2054+2090j),(2039+2092j),(2026+2097j),(2013+2093j),(2006+2083j),(2000+2078j),(2000+2073j),(1997+2069j),(1993+2059j),(1995+2051j),(2001+2047j),(2005+2042j),(2006+2034j),(2018+2030j),(2030+2028j),(2035+2023j),(2039+2025j),(2046+2027j),(2050+2025j),(2054+2024j),(2055+2028j),(2059+2030j),(2058+2032j),(2058+2033j),(2062+2034j),(2066+2035j),(2067+2037j),(2065+2040j),(2071+2047j),(2070+2055j),(2050+2048j),(2044+2041j),(2039+2039j),(2034+2037j)
(2048+2048j),(2045+2060j),(2033+2082j),(2016+2111j),(1985+2133j),(1961+2143j),(1996+2142j),(2031+2141j),(1967+2130j),(1915+2115j),(1899+2101j),(1891+2079j),(1892+2050j),(1900+2025j),(1918+2004j),(1939+1975j),(1969+1947j),(2004+1932j),(2034+1918j),(2070+1903j),(2107+1898j),(2142+1901j),(2175+1908j),(2202+1921j),(2228+1940j),(2245+1966j),(2250+1990j),(2247+2019j),(2238+2047j),(2227+2075j),(2206+2103j),(2175+2132j),(2144+2156j),(2110+2169j),(2069+2174j),(2036+2176j),(2004+2173j),(1971+2161j),(1943+2140j),(1931+2116j),(1920+2092j),(1917+2063j),(1922+2036j),(1939+2005j),(1964+1979j),(1987+1959j),(2045+2050j),(2028+2059j),(2019+2079j),(1998+2101j)
(2048+2048j),(2038+2057j),(2003+2066j),(1956+2066j),(1910+2055j),(1880+2033j),(1869+1995j),(1883+1963j),(1903+1944j),(1929+1921j),(1962+1901j),(1993+1888j),(2033+1879j),(2073+1872j),(2123+1869j),(2172+1880j),(2207+1902j),(2238+1927j),(2255+1963j),(2265+1997j),(2271+2039j),(2262+2080j),(2246+2120j),(2221+2162j),(2187+2193j),(2148+2220j),(2110+2243j),(2064+2260j),(2008+2267j),(1956+2253j),(1927+2237j),(1894+2218j),(1864+2184j),(1854+2141j),(1859+2101j),(1872+2059j),(1891+2018j),(1927+1983j),(1966+1960j),(2005+1939j),(2043+1926j),(2086+1927j),(2117+1931j),(2152+1934j),(2190+1949j),(2213+1977j),(2049+2039j),(2033+2028j),(2010+2013j),(1971+2006j)
(2049+2055j),(2054+2066j),(2075+2097j),(2076+2148j),(2057+2189j),(2034+2214j),(2011+2241j),(2022+2251j),(2033+2251j),(1996+2246j),(1974+2228j),(1963+2201j),(1904+2171j),(1854+2133j),(1836+2098j),(1830+2050j),(1849+1999j),(1877+1959j),(1920+1917j),(1961+1880j),(2009+1850j),(2068+1833j),(2112+1825j),(2162+1815j),(2211+1827j),(2250+1846j),(2283+1875j),(2299+1913j),(2315+1948j),(2319+1992j),(2296+2036j),(2273+2076j),(2245+2117j),(2200+2154j),(2140+2184j),(2089+2199j),(2039+2209j),(1982+2204j),(1931+2182j),(1899+2159j),(1870+2126j),(1851+2083j),(1851+2036j),(1865+1989j),(1886+1944j),(1920+1901j),(2044+2046j),(2028+2064j),(2008+2095j),(1989+2133j)
(2048+2048j),(2026+2049j),(2000+2033j),(1978+2006j),(1971+1985j),(1969+1961j),(1979+1943j),(1990+1922j),(2022+1907j),(2046+1902j),(2069+1893j),(2109+1891j),(2148+1901j),(2182+1923j),(2197+1952j),(2213+1976j),(2224+2007j),(2218+2037j),(2221+2066j),(2215+2118j),(2180+2158j),(2139+2183j),(2102+2207j),(2063+2229j),(2008+2237j),(1971+2228j),(1933+2229j),(1899+2207j),(1877+2179j),(1861+2151j),(1850+2120j),(1850+2074j),(1872+2019j),(1911+1985j),(1954+1956j),(2002+1931j),(2051+1920j),(2099+1917j),(2154+1925j),(2190+1943j),(2220+1972j),(2237+2013j),(2236+2055j),(2218+2096j),(2192+2135j),(2167+2169j),(2050+2042j),(2054+2029j),(2082+2011j),(2107+1966j)
(2047+2032j),(2074+2023j),(2095+2020j),(2140+2013j),(2151+2022j),(2180+2029j),(2194+2047j),(2197+2071j),(2175+2093j),(2164+2097j),(2171+2112j),(2140+2141j),(2118+2159j),(2086+2182j),(2037+2194j),(1999+2190j),(1955+2192j),(1927+2174j),(1888+2168j),(1858+2125j),(1855+2096j),(1840+2068j),(1841+2019j),(1860+1980j),(1897+1933j),(1941+1911j),(1988+1887j),(2038+1879j),(2081+1874j),(2124+1871j),(2180+1888j),(2211+1925j),(2228+1970j),(2224+2009j),(2215+2054j),(2197+2096j),(2148+2139j),(2101+2173j),(2035+2192j),(1996+2188j),(1946+2191j),(1896+2179j),(1862+2147j),(1840+2109j),(1843+2063j),(1848+2027j),(2378+1710j),(2039.804347826087+2064.1739130434785j),(2039.804347826087+2064.1739130434785j),(2039.804347826087+2064.1739130434785j)
(2041+2051j),(2018+2086j),(1963+2129j),(1891+2166j),(1808+2184j),(1746+2173j),(1710+2141j),(1691+2103j),(1701+2055j),(1722+2008j),(1752+1958j),(1805+1906j),(1874+1868j),(1940+1832j),(2016+1806j),(2097+1798j),(2170+1803j),(2238+1811j),(2304+1841j),(2348+1890j),(2370+1938j),(2384+1993j),(2371+2056j),(2350+2105j),(2319+2152j),(2281+2196j),(2226+2238j),(2160+2263j),(2091+2273j),(2027+2269j),(1973+2252j),(1927+2219j),(1890+2175j),(1879+2131j),(1877+2083j),(1889+2024j),(1922+1974j),(1971+1937j),(2018+1910j),(2073+1884j),(2133+1878j),(2186+1886j),(2228+1901j),(2267+1923j),(2295+1961j),(2304+2005j),(2056+2046j),(2053+2031j),(2052+1997j),(2028+1960j)
(2060+2048j),(2104+2071j),(2171+2118j),(2210+2194j),(2226+2292j),(2172+2379j),(2111+2432j),(2033+2466j),(1955+2481j),(1876+2479j),(1787+2446j),(1716+2388j),(1667+2320j),(1642+2233j),(1630+2136j),(1648+2029j),(1708+1927j),(1777+1839j),(1871+1760j),(1966+1719j),(2053+1683j),(2153+1659j),(2248+1664j),(2332+1698j),(2379+1756j),(2411+1805j),(2416+1883j),(2388+1957j),(2350+2019j),(2296+2078j),(2228+2129j),(2153+2162j),(2078+2179j),(2003+2193j),(1930+2185j),(1868+2153j),(1820+2113j),(1783+2057j),(1790+1994j),(1801+1932j),(1830+1871j),(1887+1815j),(1961+1775j),(2033+1744j),(2112+1727j),(2208+1738j),(2046+2043j),(2004+2034j),(1942+2038j),(1876+2049j)
(2044+2050j),(2032+2045j),(1999+2028j),(1978+1996j),(1961+1951j),(1992+1896j),(2033+1864j),(2081+1853j),(2120+1856j),(2146+1864j),(2181+1877j),(2211+1908j),(2231+1943j),(2238+1984j),(2233+2034j),(2218+2080j),(2182+2127j),(2146+2165j),(2098+2209j),(2036+2222j),(1990+2225j),(1940+2225j),(1899+2206j),(1869+2178j),(1853+2141j),(1849+2108j),(1866+2061j),(1895+2029j),(1920+1999j),(1961+1971j),(2013+1946j),(2070+1935j),(2123+1945j),(2166+1964j),(2193+1998j),(2206+2036j),(2199+2082j),(2181+2122j),(2144+2155j),(2109+2177j),(2071+2201j),(2027+2214j),(1975+2214j),(1932+2203j),(1902+2175j),(1880+2140j),(2339+2294j),(2052.021739130435+2056.5652173913045j),(2052.021739130435+2056.5652173913045j),(2052.021739130435+2056.5652173913045j)
(2049+2052j),(2062+2061j),(2092+2073j),(2113+2097j),(2133+2130j),(2130+2176j),(2100+2207j),(2061+2220j),(2028+2233j),(1988+2237j),(1942+2221j),(1912+2200j),(1881+2179j),(1856+2138j),(1850+2086j),(1861+2041j),(1887+1992j),(1924+1945j),(1965+1908j),(2010+1883j),(2057+1865j),(2099+1855j),(2143+1857j),(2189+1873j),(2220+1903j),(2237+1938j),(2245+1985j),(2234+2036j),(2197+2076j),(2154+2108j),(2103+2135j),(2052+2145j),(2004+2141j),(1967+2133j),(1936+2121j),(1899+2095j),(1882+2058j),(1879+2023j),(1888+1980j),(1913+1935j),(1956+1897j),(2014+1871j),(2075+1860j),(2130+1863j),(2181+1886j),(2218+1918j),(2046+2041j),(2030+2032j),(2006+2005j),(1951+1992j)
(2046+2045j),(2058+2052j),(2059+2059j),(2058+2069j),(2050+2081j),(2040+2086j),(2035+2084j),(2028+2084j),(2026+2084j),(2024+2081j),(2015+2075j),(2010+2064j),(2018+2055j),(2018+2049j),(2016+2040j),(2023+2031j),(2036+2024j),(2045+2015j),(2059+2012j),(2072+2018j),(2075+2025j),(2075+2029j),(2070+2034j),(2069+2042j),(2060+2043j),(2059+2037j),(2063+2042j),(2057+2048j),(2050+2047j),(2049+2049j),(2047+2053j),(2038+2049j),(2040+2038j),(2049+2040j),(2053+2043j),(2051+2042j),(2049+2041j),(2053+2047j),(2050+2050j),(2045+2051j),(2035+2049j),(2030+2042j),(2035+2028j),(2046+2022j),(2059+2021j),(2068+2029j),(2051+2055j),(2049+2047j),(2042+2041j),(2032+2042j)
(2052+2055j),(2044+2057j),(2021+2067j),(2005+2074j),(1970+2071j),(1958+2059j),(1951+2048j),(1946+2037j),(1945+2013j),(1963+1987j),(1994+1974j),(2019+1967j),(2048+1958j),(2076+1956j),(2106+1964j),(2137+1971j),(2152+1993j),(2161+2017j),(2162+2041j),(2155+2058j),(2146+2082j),(2131+2114j),(2097+2135j),(2059+2148j),(2025+2152j),(1996+2151j),(1975+2134j),(1952+2116j),(1943+2090j),(1947+2060j),(1970+2028j),(1995+2006j),(2020+1998j),(2042+1982j),(2064+1971j),(2103+1966j),(2135+1975j),(2159+1989j),(2171+2016j),(2179+2048j),(2169+2078j),(2149+2106j),(2120+2133j),(2079+2156j),(2038+2155j),(2006+2148j),(1776+2079j),(2055.108695652174+2050.086956521739j),(2055.108695652174+2050.086956521739j),(2055.108695652174+2050.086956521739j)
(2048+2049j),(2057+2046j),(2071+2051j),(2085+2065j),(2091+2082j),(2083+2099j),(2070+2114j),(2060+2125j),(2041+2131j),(2013+2129j),(1995+2122j),(1984+2112j),(1969+2095j),(1958+2073j),(1964+2055j),(1969+2037j),(1978+2010j),(2002+1990j),(2026+1980j),(2053+1968j),(2085+1964j),(2111+1971j),(2135+1981j),(2148+1997j),(2151+2019j),(2147+2045j),(2129+2064j),(2106+2078j),(2087+2094j),(2066+2107j),(2035+2110j),(2002+2108j),(1978+2100j),(1962+2081j),(1950+2055j),(1949+2029j),(1960+2004j),(1979+1979j),(2003+1957j),(2036+1946j),(2069+1943j),(2097+1948j),(2119+1961j),(2141+1978j),(2156+1998j),(2157+2024j),(2047+2039j),(2034+2024j),(2036+2012j),(2011+1994j)
(2046+2042j),(2047+2042j),(2047+2041j),(2046+2032j),(2055+2023j),(2068+2025j),(2074+2028j),(2054+2031j),(2058+2036j),(2075+2043j),(2075+2045j),(2073+2049j),(2073+2061j),(2068+2074j),(2048+2079j),(2033+2077j),(2020+2082j),(2006+2076j),(2000+2063j),(1999+2056j),(2006+2050j),(2013+2042j),(2014+2036j),(2022+2033j),(2030+2026j),(2040+2018j),(2054+2018j),(2065+2023j),(2074+2026j),(2077+2031j),(2081+2044j),(2077+2059j),(2067+2067j),(2055+2073j),(2047+2084j),(2035+2087j),(2021+2082j),(2014+2077j),(2013+2078j),(2004+2070j),(1998+2057j),(2003+2049j),(2008+2041j),(2013+2028j),(2026+2018j),(2046+2015j),(2045+2043j),(2037+2046j),(2026+2049j),(2015+2060j)
(2046+2050j),(2053+2044j),(2063+2044j),(2080+2052j),(2076+2061j),(2074+2068j),(2070+2077j),(2062+2082j),(2053+2082j),(2048+2078j),(2051+2078j),(2045+2078j),(2034+2078j),(2021+2075j),(2019+2066j),(2023+2050j),(2026+2040j),(2036+2034j),(2042+2037j),(2040+2028j),(2048+2022j),(2054+2028j),(2056+2025j),(2060+2022j),(2069+2026j),(2074+2038j),(2073+2045j),(2065+2053j),(2056+2060j),(2048+2057j),(2049+2053j),(2047+2055j),(2046+2059j),(2039+2057j),(2027+2054j),(2026+2049j),(2027+2045j),(2032+2037j),(2032+2029j),(2046+2029j),(2050+2032j),(2048+2031j),(2050+2030j),(2054+2035j),(2057+2030j),(2061+2032j),(1832+1585j),(2049.0434782608695+2048.586956521739j),(2049.0434782608695+2048.586956521739j),(2049.0434782608695+2048.586956521739j)
(2047+2048j),(2046+2048j),(2047+2051j),(2051+2056j),(2048+2061j),(2045+2063j),(2040+2067j),(2035+2063j),(2033+2059j),(2031+2056j),(2034+2053j),(2035+2050j),(2032+2044j),(2033+2039j),(2037+2037j),(2041+2035j),(2046+2031j),(2056+2031j),(2063+2035j),(2063+2035j),(2068+2037j),(2069+2041j),(2068+2044j),(2064+2045j),(2061+2050j),(2058+2052j),(2053+2056j),(2046+2058j),(2044+2058j),(2041+2057j),(2035+2056j),(2033+2052j),(2036+2049j),(2037+2043j),(2038+2036j),(2043+2033j),(2049+2031j),(2053+2029j),(2057+2029j),(2063+2032j),(2067+2034j),(2070+2037j),(2072+2045j),(2073+2051j),(2068+2055j),(2062+2059j),(2053+2046j),(2053+2044j),(2056+2043j),(2054+2041j)
(2041+2046j),(2041+2044j),(2041+2040j),(2046+2040j),(2046+2036j),(2051+2030j),(2059+2030j),(2065+2036j),(2067+2043j),(2063+2046j),(2062+2050j),(2059+2055j),(2054+2055j),(2051+2054j),(2050+2060j),(2046+2062j),(2040+2066j),(2035+2063j),(2030+2062j),(2027+2054j),(2029+2046j),(2034+2044j),(2035+2043j),(2038+2040j),(2038+2038j),(2042+2039j),(2048+2035j),(2051+2036j),(2054+2038j),(2058+2042j),(2062+2046j),(2057+2050j),(2055+2055j),(2055+2056j),(2049+2058j),(2046+2060j),(2043+2066j),(2040+2065j),(2033+2064j),(2031+2062j),(2030+2058j),(2030+2054j),(2031+2048j),(2034+2048j),(2039+2046j),(2042+2045j),(2040+2052j),(2034+2049j),(2033+2051j),(2029+2054j)
(2044+2039j),(2050+2035j),(2052+2034j),(2058+2042j),(2046+2041j),(2049+2036j),(2052+2037j),(2052+2045j),(2044+2044j),(2042+2040j),(2050+2039j),(2053+2045j),(2051+2051j),(2043+2052j),(2038+2053j),(2043+2045j),(2042+2048j),(2043+2048j),(2038+2055j),(2035+2047j),(2044+2047j),(2046+2054j),(2039+2054j),(2038+2050j),(2042+2043j),(2046+2048j),(2054+2043j),(2052+2050j),(2044+2056j),(2042+2049j),(2050+2042j),(2052+2049j),(2049+2056j),(2047+2052j),(2043+2052j),(2048+2049j),(2043+2051j),(2046+2054j),(2035+2052j),(2039+2044j),(2043+2044j),(2047+2045j),(2047+2046j),(2047+2053j),(2052+2048j),(2048+2045j),(2598+1636j),(2045.8260869565217+2046.7826086956522j),(2045.8260869565217+2046.7826086956522j),(2045.8260869565217+2046.7826086956522j)
(2047+2041j),(2048+2041j),(2049+2039j),(2049+2040j),(2044+2038j),(2048+2038j),(2047+2038j),(2042+2038j),(2045+2037j),(2048+2036j),(2049+2031j),(2054+2034j),(2062+2043j),(2057+2044j),(2052+2043j),(2054+2043j),(2053+2051j),(2054+2051j),(2050+2057j),(2046+2058j),(2049+2059j),(2046+2063j),(2041+2065j),(2041+2067j),(2037+2061j),(2037+2058j),(2043+2056j),(2046+2058j),(2041+2056j),(2039+2050j),(2050+2047j),(2049+2049j),(2046+2048j),(2050+2050j),(2050+2056j),(2051+2053j),(2049+2053j),(2053+2059j),(2046+2063j),(2047+2057j),(2046+2056j),(2047+2059j),(2042+2058j),(2036+2055j),(2039+2051j),(2042+2049j),(2046+2037j),(2038+2039j),(2038+2043j),(2036+2050j)
(2045+2043j),(2041+2052j),(2034+2051j),(2023+2047j),(2025+2045j),(2025+2041j),(2027+2034j),(2029+2028j),(2041+2026j),(2050+2025j),(2048+2022j),(2054+2021j),(2063+2023j),(2070+2025j),(2071+2028j),(2073+2036j),(2076+2046j),(2069+2051j),(2065+2051j),(2062+2062j),(2050+2067j),(2044+2064j),(2037+2063j),(2036+2064j),(2028+2065j),(2024+2053j),(2028+2051j),(2030+2044j),(2036+2038j),(2043+2036j),(2048+2039j),(2051+2041j),(2056+2036j),(2065+2044j),(2071+2051j),(2069+2055j),(2067+2055j),(2064+2061j),(2067+2067j),(2057+2071j),(2050+2073j),(2044+2077j),(2037+2075j),(2029+2069j),(2022+2066j),(2023+2060j),(2041+2044j),(2049+2044j),(2045+2042j),(2051+2046j)
(2045+2041j),(2047+2042j),(2043+2047j),(2049+2054j),(2039+2052j),(2051+2055j),(2050+2060j),(2042+2070j),(2030+2070j),(2025+2063j),(2031+2055j),(2037+2053j),(2043+2056j),(2032+2054j),(2029+2047j),(2042+2040j),(2042+2044j),(2045+2034j),(2048+2041j),(2055+2033j),(2071+2032j),(2072+2045j),(2066+2051j),(2060+2056j),(2059+2048j),(2062+2054j),(2067+2050j),(2068+2061j),(2054+2067j),(2044+2062j),(2049+2056j),(2044+2055j),(2037+2054j),(2038+2046j),(2041+2044j),(2044+2036j),(2045+2038j),(2054+2043j),(2042+2040j),(2052+2033j),(2061+2035j),(2067+2041j),(2064+2043j),(2059+2049j),(2062+2049j),(2058+2053j),(1512+1818j),(2049.2391304347825+2048.9565217391305j),(2049.2391304347825+2048.9565217391305j),(2049.2391304347825+2048.9565217391305j)
(2049+2054j),(2042+2058j),(2036+2049j),(2030+2039j),(2042+2034j),(2042+2031j),(2045+2026j),(2050+2022j),(2059+2022j),(2063+2024j),(2062+2028j),(2069+2031j),(2074+2036j),(2076+2042j),(2076+2051j),(2069+2064j),(2062+2063j),(2050+2065j),(2046+2066j),(2042+2072j),(2032+2070j),(2025+2065j),(2024+2062j),(2026+2054j),(2023+2051j),(2025+2041j),(2032+2042j),(2036+2034j),(2044+2029j),(2056+2032j),(2059+2035j),(2060+2036j),(2062+2034j),(2073+2046j),(2072+2052j),(2067+2056j),(2065+2062j),(2059+2069j),(2055+2068j),(2044+2066j),(2039+2066j),(2033+2067j),(2029+2062j),(2025+2060j),(2020+2059j),(2023+2049j),(2048+2053j),(2049+2053j),(2044+2056j),(2051+2064j)
(2052+2052j),(2051+2048j),(2052+2039j),(2060+2031j),(2069+2026j),(2079+2022j),(2086+2020j),(2091+2026j),(2096+2032j),(2094+2036j),(2091+2046j),(2088+2056j),(2079+2064j),(2066+2070j),(2056+2077j),(2046+2079j),(2037+2078j),(2023+2076j),(2020+2074j),(2012+2069j),(2003+2056j),(2001+2049j),(2002+2039j),(2012+2025j),(2020+2017j),(2032+2013j),(2047+2013j),(2052+2013j),(2059+2014j),(2074+2020j),(2082+2026j),(2079+2034j),(2079+2044j),(2078+2053j),(2068+2062j),(2057+2069j),(2048+2077j),(2038+2081j),(2023+2081j),(2010+2079j),(2001+2075j),(1993+2063j),(1991+2050j),(1994+2042j),(2001+2032j),(2012+2019j),(2053+2051j),(2037+2057j),(2042+2074j),(2048+2082j)
(2043+2045j),(2042+2050j),(2038+2066j),(2028+2079j),(2005+2085j),(1995+2092j),(1981+2094j),(1969+2088j),(1962+2079j),(1966+2068j),(1975+2051j),(1981+2037j),(2000+2027j),(2033+2015j),(2034+1999j),(2053+1989j),(2068+1997j),(2088+1996j),(2095+2005j),(2101+2006j),(2121+2021j),(2123+2035j),(2114+2043j),(2107+2053j),(2105+2056j),(2099+2070j),(2088+2074j),(2078+2086j),(2054+2092j),(2030+2083j),(2025+2072j),(2025+2067j),(2023+2062j),(2016+2050j),(2020+2045j),(2026+2037j),(2024+2026j),(2031+2017j),(2040+2010j),(2060+1995j),(2080+1994j),(2100+2004j),(2108+2019j),(2109+2030j),(2111+2039j),(2103+2053j),(1099+1841j),(2049.5+2043.5j),(2049.5+2043.5j),(2049.5+2043.5j)
(2050+2047j),(2059+2040j),(2073+2030j),(2107+2027j),(2117+2029j),(2136+2027j),(2153+2039j),(2152+2056j),(2144+2065j),(2138+2080j),(2121+2104j),(2091+2118j),(2060+2124j),(2028+2126j),(2000+2118j),(1985+2099j),(1975+2087j),(1975+2077j),(1968+2072j),(1962+2052j),(1965+2031j),(1975+2018j),(1988+2001j),(2003+1985j),(2030+1976j),(2055+1982j),(2072+1988j),(2077+2005j),(2080+2021j),(2077+2031j),(2074+2038j),(2070+2049j),(2065+2060j),(2057+2065j),(2043+2069j),(2039+2071j),(2028+2079j),(2015+2077j),(1995+2067j),(1996+2059j),(1998+2048j),(2003+2035j),(2011+2029j),(2018+2029j),(2028+2019j),(2035+2019j),(2050+2046j),(2047+2046j),(2046+2054j),(2044+2055j)
(2049+2056j),(2059+2066j),(2070+2084j),(2061+2112j),(2049+2135j),(2031+2150j),(2009+2154j),(1989+2156j),(1973+2156j),(1944+2147j),(1924+2121j),(1926+2095j),(1927+2066j),(1940+2028j),(1965+2001j),(2002+1985j),(2031+1975j),(2055+1965j),(2083+1971j),(2096+1979j),(2109+1979j),(2117+1987j),(2127+1994j),(2142+2006j),(2137+2023j),(2127+2045j),(2105+2068j),(2076+2074j),(2048+2068j),(2038+2061j),(2035+2058j),(2028+2047j),(2031+2038j),(2037+2039j),(2036+2035j),(2032+2028j),(2030+2020j),(2038+2012j),(2050+2001j),(2059+1996j),(2070+2000j),(2083+2004j),(2083+2015j),(2075+2020j),(2083+2022j),(2082+2030j),(2051+2045j),(2048+2044j),(2038+2046j),(2044+2056j)
(2048+2048j),(2107+2001j),(2211+1979j),(2330+1993j),(2390+2032j),(2450+2093j),(2448+2173j),(2373+2251j),(2303+2323j),(2238+2372j),(2154+2394j),(2053+2420j),(1940+2420j),(1822+2387j),(1723+2322j),(1674+2234j),(1642+2153j),(1643+2051j),(1669+1965j),(1723+1861j),(1823+1785j),(1913+1742j),(2003+1706j),(2099+1704j),(2186+1709j),(2258+1755j),(2305+1805j),(2324+1883j),(2308+1954j),(2272+2019j),(2237+2081j),(2169+2144j),(2083+2189j),(1998+2204j),(1917+2208j),(1858+2190j),(1799+2161j),(1770+2119j),(1734+2064j),(1752+1988j),(1788+1929j),(1840+1882j),(1896+1846j),(1948+1821j),(2030+1793j),(2105+1796j),(2167+1528j),(2029.4782608695652+2042.3695652173913j),(2029.4782608695652+2042.3695652173913j),(2029.4782608695652+2042.3695652173913j)
(2048+2048j),(2041+2071j),(2032+2100j),(2010+2120j),(1990+2147j),(1948+2163j),(1914+2166j),(1886+2147j),(1877+2117j),(1884+2090j),(1898+2064j),(1917+2037j),(1930+2012j),(1964+1987j),(1995+1970j),(2023+1952j),(2060+1937j),(2094+1934j),(2126+1926j),(2159+1930j),(2193+1945j),(2216+1965j),(2227+1990j),(2231+2024j),(2213+2068j),(2181+2090j),(2151+2110j),(2114+2123j),(2092+2127j),(2070+2135j),(2035+2139j),(2002+2138j),(1978+2117j),(1963+2093j),(1951+2068j),(1954+2039j),(1968+2012j),(1978+1985j),(2010+1962j),(2038+1950j),(2072+1941j),(2100+1944j),(2126+1955j),(2144+1969j),(2151+1979j),(2173+1990j),(2044+2047j),(2023+2047j),(2006+2055j),(1980+2056j)
(2056+2040j),(2085+1989j),(2156+1902j),(2276+1814j),(2422+1762j),(2546+1764j),(2632+1802j),(2679+1868j),(2692+1947j),(2673+2040j),(2622+2140j),(2545+2237j),(2435+2332j),(2308+2412j),(2170+2480j),(2005+2520j),(1853+2523j),(1719+2512j),(1591+2470j),(1478+2393j),(1413+2291j),(1385+2185j),(1386+2059j),(1438+1933j),(1516+1833j),(1617+1742j),(1735+1673j),(1859+1628j),(1992+1605j),(2124+1614j),(2239+1653j),(2316+1728j),(2364+1808j),(2387+1901j),(2368+1998j),(2334+2080j),(2291+2160j),(2209+2240j),(2113+2296j),(2023+2335j),(1929+2355j),(1833+2352j),(1757+2331j),(1689+2299j),(1629+2246j),(1594+2173j),(2054+2048j),(2100+2059j),(2185+2062j),(2289+2034j)
(2060+2032j),(2131+1983j),(2260+1915j),(2437+1868j),(2605+1869j),(2738+1926j),(2808+2017j),(2814+2134j),(2765+2250j),(2680+2358j),(2558+2460j),(2403+2551j),(2225+2610j),(2040+2641j),(1849+2642j),(1671+2595j),(1528+2516j),(1417+2409j),(1354+2280j),(1341+2147j),(1359+2024j),(1398+1893j),(1482+1772j),(1591+1677j),(1705+1601j),(1826+1554j),(1957+1525j),(2079+1532j),(2177+1557j),(2267+1598j),(2346+1662j),(2379+1748j),(2390+1836j),(2382+1925j),(2350+2012j),(2298+2090j),(2229+2159j),(2162+2220j),(2071+2268j),(1982+2290j),(1892+2305j),(1803+2301j),(1720+2273j),(1659+2231j),(1617+2179j),(1586+2112j),(2061+2049j),(2094+2067j),(2181+2085j),(2286+2084j)
(2048+2048j),(1996+1991j),(1965+1898j),(1963+1767j),(2017+1632j),(2101+1534j),(2118+1475j),(2075+1451j),(2065+1460j),(2175+1499j),(2295+1574j),(2387+1672j),(2511+1780j),(2598+1893j),(2603+2015j),(2556+2138j),(2474+2256j),(2378+2362j),(2260+2454j),(2134+2517j),(2019+2567j),(1892+2600j),(1771+2603j),(1667+2591j),(1561+2570j),(1473+2515j),(1411+2445j),(1380+2369j),(1350+2288j),(1340+2181j),(1375+2063j),(1438+1954j),(1530+1840j),(1648+1746j),(1793+1673j),(1953+1628j),(2114+1609j),(2272+1624j),(2407+1685j),(2503+1772j),(2573+1879j),(2596+2004j),(2587+2136j),(2540+2270j),(2447+2389j),(2331+2495j),(2053+2031j),(2074+1975j),(2094+1869j),(2069+1732j)
(2058+2036j),(2120+1982j),(2235+1898j),(2397+1824j),(2566+1796j),(2717+1807j),(2823+1865j),(2864+1959j),(2858+2054j),(2815+2155j),(2746+2256j),(2647+2366j),(2519+2460j),(2371+2548j),(2201+2624j),(2021+2661j),(1847+2675j),(1674+2662j),(1518+2623j),(1382+2546j),(1279+2453j),(1196+2344j),(1148+2209j),(1148+2061j),(1175+1917j),(1236+1774j),(1347+1632j),(1477+1517j),(1623+1418j),(1804+1348j),(1988+1319j),(2152+1320j),(2316+1348j),(2462+1413j),(2571+1512j),(2647+1629j),(2690+1768j),(2690+1918j),(2641+2065j),(2573+2208j),(2460+2347j),(2313+2460j),(2147+2541j),(1981+2596j),(1813+2611j),(1652+2595j),(2066+2044j),(2134+2020j),(2262+1962j),(2391+1853j)
(2029+2038j),(1994+1993j),(1939+1913j),(1921+1798j),(1938+1667j),(2012+1565j),(2111+1499j),(2209+1477j),(2288+1477j),(2370+1494j),(2453+1538j),(2516+1603j),(2548+1687j),(2539+1795j),(2583+1911j),(2582+2025j),(2546+2138j),(2492+2255j),(2396+2365j),(2289+2443j),(2173+2515j),(2051+2569j),(1934+2598j),(1817+2608j),(1716+2597j),(1615+2575j),(1543+2516j),(1490+2458j),(1444+2394j),(1428+2313j),(1439+2228j),(1465+2140j),(1517+2056j),(1578+1974j),(1655+1899j),(1740+1836j),(1837+1778j),(1962+1742j),(2064+1732j),(2179+1730j),(2281+1759j),(2365+1804j),(2429+1868j),(2466+1946j),(2485+2032j),(2468+2128j),(2048+2041j),(2027+2005j),(1991+1950j),(1910+1882j)
(2048+2048j),(2053+2074j),(2047+2119j),(2029+2182j),(1979+2241j),(1922+2280j),(1862+2301j),(1810+2303j),(1762+2282j),(1728+2243j),(1716+2199j),(1708+2149j),(1711+2087j),(1732+2024j),(1764+1962j),(1820+1897j),(1884+1843j),(1959+1795j),(2038+1763j),(2120+1744j),(2193+1742j),(2258+1756j),(2317+1776j),(2362+1810j),(2395+1854j),(2417+1908j),(2418+1959j),(2402+2014j),(2377+2066j),(2340+2110j),(2294+2147j),(2241+2180j),(2188+2205j),(2132+2221j),(2079+2225j),(2033+2223j),(1989+2214j),(1952+2196j),(1911+2171j),(1894+2136j),(1884+2106j),(1879+2070j),(1886+2031j),(1904+1996j),(1924+1958j),(1952+1924j),(2047+2055j),(2040+2073j),(2036+2102j),(2035+2134j)
(2041+2030j),(2052+2019j),(2051+2017j),(2047+2014j),(2030+1995j),(2051+1979j),(2065+1974j),(2076+1985j),(2072+1986j),(2086+1975j),(2109+1978j),(2122+1999j),(2127+2014j),(2116+2031j),(2108+2042j),(2113+2055j),(2102+2077j),(2092+2093j),(2062+2117j),(2040+2109j),(2034+2112j),(2016+2116j),(2002+2115j),(1985+2112j),(1982+2091j),(1981+2091j),(1990+2071j),(2000+2071j),(1987+2065j),(1990+2047j),(2016+2032j),(2030+2032j),(2036+2039j),(2036+2036j),(2047+2029j),(2059+2027j),(2061+2033j),(2079+2042j),(2065+2050j),(2070+2047j),(2072+2054j),(2075+2057j),(2070+2065j),(2059+2069j),(2061+2069j),(2051+2079j),(1731+2052j),(2052.521739130435+2046.5217391304348j),(2052.521739130435+2046.5217391304348j),(2052.521739130435+2046.5217391304348j)
(2046+2046j),(2050+2048j),(2055+2051j),(2057+2057j),(2061+2063j),(2060+2075j),(2051+2081j),(2040+2084j),(2033+2083j),(2028+2080j),(2023+2075j),(2018+2074j),(2015+2072j),(2009+2065j),(2005+2056j),(2003+2047j),(2009+2036j),(2017+2026j),(2024+2016j),(2041+2011j),(2053+2009j),(2060+2002j),(2073+2002j),(2088+2007j),(2095+2010j),(2100+2016j),(2107+2025j),(2109+2037j),(2102+2048j),(2096+2056j),(2092+2065j),(2083+2069j),(2072+2074j),(2060+2080j),(2048+2088j),(2038+2086j),(2032+2080j),(2026+2080j),(2021+2076j),(2015+2068j),(2014+2061j),(2016+2057j),(2015+2049j),(2016+2041j),(2020+2035j),(2021+2030j),(2050+2052j),(2039+2057j),(2044+2063j),(2038+2064j)
(2048+2044j),(2048+2040j),(2050+2042j),(2053+2048j),(2045+2048j),(2048+2045j),(2051+2050j),(2050+2054j),(2041+2048j),(2042+2043j),(2047+2045j),(2048+2047j),(2045+2047j),(2042+2049j),(2041+2047j),(2045+2039j),(2045+2037j),(2051+2039j),(2050+2041j),(2047+2034j),(2054+2035j),(2056+2042j),(2053+2044j),(2048+2045j),(2049+2043j),(2052+2044j),(2051+2042j),(2048+2047j),(2046+2051j),(2044+2047j),(2050+2043j),(2053+2046j),(2053+2049j),(2049+2046j),(2047+2045j),(2052+2042j),(2053+2046j),(2058+2047j),(2051+2048j),(2054+2048j),(2055+2049j),(2053+2048j),(2051+2050j),(2048+2050j),(2047+2046j),(2043+2048j),(2045+2053j),(2042+2055j),(2048+2057j),(2046+2054j)
(2044+2044j),(2046+2044j),(2050+2045j),(2052+2043j),(2054+2044j),(2058+2049j),(2058+2050j),(2054+2051j),(2054+2050j),(2058+2052j),(2059+2052j),(2056+2052j),(2058+2054j),(2057+2056j),(2053+2051j),(2049+2050j),(2047+2053j),(2044+2051j),(2041+2049j),(2042+2048j),(2041+2049j),(2037+2043j),(2039+2042j),(2040+2043j),(2040+2041j),(2037+2041j),(2038+2040j),(2041+2041j),(2039+2039j),(2038+2036j),(2043+2038j),(2049+2038j),(2051+2036j),(2051+2038j),(2055+2042j),(2058+2042j),(2058+2043j),(2060+2047j),(2061+2052j),(2058+2051j),(2055+2051j),(2053+2056j),(2052+2056j),(2046+2052j),(2044+2051j),(2046+2052j),(1809+1927j),(2049.217391304348+2046.695652173913j),(2049.217391304348+2046.695652173913j),(2049.217391304348+2046.695652173913j)
(2046+2041j),(2046+2045j),(2047+2045j),(2043+2041j),(2048+2041j),(2051+2047j),(2049+2047j),(2047+2046j),(2050+2047j),(2052+2051j),(2048+2048j),(2046+2045j),(2050+2047j),(2051+2046j),(2049+2045j),(2047+2047j),(2049+2050j),(2048+2049j),(2047+2046j),(2049+2051j),(2046+2056j),(2045+2053j),(2046+2052j),(2046+2056j),(2042+2056j),(2037+2052j),(2034+2050j),(2035+2049j),(2035+2044j),(2033+2040j),(2037+2043j),(2037+2040j),(2037+2034j),(2040+2034j),(2046+2037j),(2047+2034j),(2050+2031j),(2053+2034j),(2059+2038j),(2059+2040j),(2058+2043j),(2059+2049j),(2060+2050j),(2058+2048j),(2056+2050j),(2058+2056j),(2056+2048j),(2052+2050j),(2058+2047j),(2053+2040j)
(2051+2045j),(2044+2053j),(2041+2045j),(2039+2036j),(2059+2034j),(2060+2044j),(2059+2042j),(2056+2036j),(2069+2038j),(2073+2048j),(2063+2048j),(2060+2043j),(2061+2046j),(2064+2044j),(2062+2046j),(2056+2055j),(2052+2057j),(2046+2054j),(2051+2048j),(2054+2061j),(2044+2061j),(2040+2055j),(2040+2052j),(2047+2050j),(2044+2056j),(2039+2049j),(2037+2056j),(2033+2053j),(2037+2052j),(2036+2055j),(2031+2058j),(2030+2052j),(2031+2045j),(2040+2046j),(2043+2051j),(2038+2048j),(2042+2043j),(2042+2043j),(2054+2040j),(2049+2041j),(2050+2040j),(2054+2044j),(2058+2041j),(2061+2040j),(2062+2048j),(2065+2051j),(2047+2046j),(2040+2048j),(2047+2045j),(2039+2038j)
(2048+2048j),(2057+2037j),(2060+2039j),(2061+2045j),(2052+2044j),(2060+2041j),(2060+2043j),(2058+2047j),(2050+2048j),(2050+2043j),(2054+2041j),(2054+2045j),(2055+2047j),(2046+2048j),(2041+2044j),(2045+2043j),(2048+2044j),(2049+2047j),(2043+2053j),(2044+2046j),(2048+2047j),(2046+2050j),(2050+2052j),(2046+2056j),(2046+2049j),(2045+2055j),(2049+2053j),(2050+2059j),(2040+2061j),(2039+2059j),(2046+2058j),(2047+2058j),(2045+2061j),(2043+2059j),(2042+2055j),(2045+2051j),(2043+2048j),(2048+2048j),(2039+2049j),(2045+2044j),(2050+2046j),(2052+2044j),(2049+2044j),(2049+2043j),(2055+2043j),(2051+2050j),(2179+2383j),(2048.7608695652175+2048.586956521739j),(2048.7608695652175+2048.586956521739j),(2048.7608695652175+2048.586956521739j)
(2047+2052j),(2043+2048j),(2046+2046j),(2050+2043j),(2054+2041j),(2052+2043j),(2054+2045j),(2051+2041j),(2050+2038j),(2053+2042j),(2055+2045j),(2052+2045j),(2048+2043j),(2050+2048j),(2052+2053j),(2045+2052j),(2040+2046j),(2044+2048j),(2048+2043j),(2048+2040j),(2046+2042j),(2048+2038j),(2049+2033j),(2052+2031j),(2058+2035j),(2059+2035j),(2058+2034j),(2059+2037j),(2062+2043j),(2061+2045j),(2054+2045j),(2055+2047j),(2056+2050j),(2052+2053j),(2047+2054j),(2047+2060j),(2045+2060j),(2037+2056j),(2042+2053j),(2043+2057j),(2042+2055j),(2038+2052j),(2044+2052j),(2051+2051j),(2050+2048j),(2052+2046j),(2045+2044j),(2043+2044j),(2048+2040j),(2038+2037j)
(2054+2054j),(2047+2063j),(2040+2061j),(2034+2056j),(2049+2060j),(2043+2069j),(2035+2068j),(2038+2064j),(2047+2064j),(2044+2066j),(2032+2060j),(2037+2057j),(2037+2056j),(2042+2047j),(2046+2048j),(2044+2056j),(2041+2051j),(2040+2044j),(2050+2037j),(2053+2048j),(2044+2046j),(2040+2042j),(2044+2041j),(2053+2036j),(2051+2040j),(2053+2032j),(2060+2039j),(2062+2033j),(2067+2030j),(2072+2038j),(2068+2046j),(2065+2042j),(2065+2041j),(2072+2050j),(2068+2059j),(2055+2059j),(2055+2060j),(2045+2059j),(2049+2054j),(2039+2057j),(2038+2060j),(2033+2059j),(2029+2050j),(2030+2046j),(2030+2049j),(2035+2041j),(2053+2053j),(2049+2051j),(2045+2054j),(2052+2060j)
(2045+2047j),(2052+2044j),(2047+2050j),(2042+2054j),(2017+2040j),(2021+2023j),(2030+2020j),(2032+2023j),(2020+2012j),(2027+1998j),(2049+1994j),(2063+1994j),(2079+1995j),(2085+2004j),(2094+2007j),(2111+2010j),(2119+2027j),(2126+2045j),(2113+2071j),(2100+2074j),(2096+2087j),(2087+2104j),(2070+2117j),(2041+2126j),(2029+2120j),(2015+2126j),(2001+2112j),(1991+2113j),(1969+2108j),(1959+2083j),(1968+2057j),(1978+2044j),(1989+2042j),(1989+2029j),(2002+2014j),(2025+2006j),(2037+2002j),(2062+2003j),(2061+2008j),(2080+2008j),(2089+2017j),(2097+2025j),(2096+2036j),(2092+2046j),(2095+2049j),(2087+2061j),(2346+1829j),(2049.5+2045.108695652174j),(2049.5+2045.108695652174j),(2049.5+2045.108695652174j)
(2041+2034j),(2037+2022j),(2038+1993j),(2045+1948j),(2083+1916j),(2115+1901j),(2143+1890j),(2169+1888j),(2199+1904j),(2217+1930j),(2221+1948j),(2228+1974j),(2228+2010j),(2220+2038j),(2210+2067j),(2190+2106j),(2159+2136j),(2126+2160j),(2096+2179j),(2065+2205j),(2024+2218j),(1983+2219j),(1948+2221j),(1918+2215j),(1889+2197j),(1863+2172j),(1845+2152j),(1841+2124j),(1841+2094j),(1842+2065j),(1855+2042j),(1876+2012j),(1899+1984j),(1927+1964j),(1965+1948j),(2002+1938j),(2034+1932j),(2062+1932j),(2100+1934j),(2128+1945j),(2154+1960j),(2177+1985j),(2191+2012j),(2189+2041j),(2182+2074j),(2174+2107j),(2051+2040j),(2054+2025j),(2053+1997j),(2043+1968j)
(2050+2051j),(2052+2036j),(2065+2020j),(2081+1999j),(2113+1985j),(2128+1980j),(2151+1978j),(2176+1983j),(2190+1994j),(2196+2009j),(2201+2031j),(2197+2059j),(2175+2089j),(2156+2115j),(2133+2146j),(2085+2170j),(2037+2175j),(2003+2179j),(1976+2174j),(1937+2169j),(1907+2147j),(1893+2128j),(1873+2105j),(1863+2069j),(1873+2043j),(1889+2015j),(1903+1988j),(1933+1958j),(1974+1952j),(2002+1946j),(2029+1932j),(2066+1933j),(2096+1938j),(2125+1946j),(2147+1966j),(2159+1996j),(2166+2021j),(2161+2047j),(2156+2076j),(2135+2107j),(2111+2126j),(2082+2142j),(2052+2157j),(2019+2162j),(1990+2155j),(1963+2146j),(2052+2044j),(2066+2046j),(2085+2047j),(2114+2046j)
(2046+2045j),(2075+2038j),(2129+2040j),(2194+2072j),(2225+2116j),(2242+2165j),(2205+2225j),(2115+2271j),(2095+2302j),(2094+2329j),(2054+2351j),(1995+2360j),(1925+2355j),(1850+2339j),(1789+2309j),(1737+2261j),(1695+2206j),(1668+2137j),(1668+2058j),(1693+1971j),(1727+1893j),(1784+1817j),(1860+1751j),(1937+1700j),(2031+1659j),(2127+1652j),(2220+1653j),(2294+1681j),(2355+1721j),(2407+1778j),(2429+1844j),(2439+1921j),(2422+2010j),(2376+2085j),(2310+2148j),(2248+2201j),(2174+2247j),(2089+2275j),(1995+2279j),(1930+2270j),(1867+2249j),(1818+2213j),(1779+2173j),(1754+2127j),(1747+2071j),(1743+2011j),(2410+2088j),(2029.4782608695652+2073.4565217391305j),(2029.4782608695652+2073.4565217391305j),(2029.4782608695652+2073.4565217391305j)
(2044+2052j),(2024+2047j),(1997+2028j),(1984+1990j),(1990+1950j),(2008+1923j),(2034+1905j),(2058+1893j),(2074+1885j),(2107+1880j),(2138+1887j),(2158+1897j),(2177+1913j),(2201+1934j),(2227+1959j),(2229+1991j),(2238+2024j),(2241+2071j),(2217+2110j),(2198+2145j),(2169+2193j),(2119+2231j),(2065+2253j),(2011+2265j),(1960+2275j),(1906+2264j),(1863+2237j),(1836+2212j),(1813+2179j),(1799+2126j),(1805+2075j),(1833+2026j),(1868+1982j),(1909+1945j),(1962+1919j),(2020+1905j),(2077+1895j),(2128+1899j),(2175+1922j),(2210+1950j),(2231+1979j),(2242+2016j),(2240+2066j),(2224+2106j),(2196+2146j),(2157+2181j),(2044+2043j),(2059+2039j),(2096+2016j),(2111+1967j)
(2047+2056j),(2049+2088j),(2027+2157j),(1967+2232j),(1890+2293j),(1802+2312j),(1719+2307j),(1669+2278j),(1642+2233j),(1627+2168j),(1648+2096j),(1681+2035j),(1718+1957j),(1783+1883j),(1865+1829j),(1954+1782j),(2045+1746j),(2143+1729j),(2236+1742j),(2307+1759j),(2374+1784j),(2424+1837j),(2449+1895j),(2462+1959j),(2442+2029j),(2407+2097j),(2355+2159j),(2290+2201j),(2218+2236j),(2144+2263j),(2070+2260j),(2003+2250j),(1947+2231j),(1904+2194j),(1872+2145j),(1859+2096j),(1865+2049j),(1881+1992j),(1916+1936j),(1963+1895j),(2021+1864j),(2083+1843j),(2140+1832j),(2198+1848j),(2237+1873j),(2266+1898j),(2045+2046j),(2024+2032j),(2009+2014j),(1969+1980j)
(2045+2034j),(2080+2006j),(2146+1973j),(2227+1953j),(2300+1952j),(2364+1977j),(2404+2016j),(2413+2077j),(2394+2135j),(2361+2187j),(2314+2240j),(2245+2297j),(2161+2346j),(2053+2375j),(1952+2383j),(1856+2368j),(1773+2340j),(1699+2290j),(1640+2230j),(1613+2141j),(1621+2051j),(1647+1962j),(1701+1885j),(1768+1814j),(1861+1743j),(1960+1714j),(2069+1692j),(2164+1711j),(2236+1742j),(2295+1792j),(2343+1858j),(2355+1941j),(2329+2031j),(2279+2105j),(2221+2172j),(2149+2221j),(2065+2263j),(1988+2288j),(1891+2293j),(1812+2268j),(1752+2227j),(1719+2171j),(1696+2106j),(1702+2030j),(1746+1962j),(1791+1904j),(1979+2513j),(2026.0869565217392+2071j),(2026.0869565217392+2071j),(2026.0869565217392+2071j)
(2048+2048j),(2074+2044j),(2114+2038j),(2162+2047j),(2215+2077j),(2231+2122j),(2218+2163j),(2189+2202j),(2154+2229j),(2111+2245j),(2057+2259j),(2005+2267j),(1946+2259j),(1889+2235j),(1844+2204j),(1805+2160j),(1794+2101j),(1797+2042j),(1817+1982j),(1853+1931j),(1893+1884j),(1944+1837j),(2015+1815j),(2080+1812j),(2131+1814j),(2181+1828j),(2231+1858j),(2261+1900j),(2269+1951j),(2261+2006j),(2236+2057j),(2203+2102j),(2150+2149j),(2087+2179j),(2023+2188j),(1964+2180j),(1920+2168j),(1878+2146j),(1846+2109j),(1824+2067j),(1826+2019j),(1845+1969j),(1874+1916j),(1925+1875j),(1988+1851j),(2048+1840j),(2051+2048j),(2020+2046j),(1978+2055j),(1918+2082j)
(2045+2053j),(2021+2060j),(1983+2062j),(1941+2047j),(1906+2020j),(1895+1984j),(1907+1952j),(1930+1920j),(1964+1894j),(2008+1885j),(2043+1884j),(2078+1874j),(2128+1877j),(2180+1896j),(2214+1922j),(2235+1959j),(2247+2003j),(2247+2051j),(2234+2090j),(2217+2140j),(2174+2194j),(2119+2223j),(2066+2236j),(2007+2249j),(1955+2245j),(1911+2219j),(1877+2187j),(1864+2152j),(1863+2107j),(1873+2061j),(1888+2020j),(1933+1972j),(1994+1941j),(2038+1925j),(2094+1915j),(2152+1925j),(2195+1945j),(2218+1979j),(2232+2015j),(2243+2055j),(2226+2095j),(2201+2129j),(2173+2170j),(2129+2201j),(2072+2221j),(2018+2227j),(2046+2050j),(2075+2055j),(2118+2047j),(2160+2023j)
(2048+2048j),(2083+2048j),(2112+2066j),(2146+2091j),(2146+2120j),(2148+2150j),(2136+2185j),(2105+2212j),(2051+2220j),(2011+2219j),(1978+2216j),(1931+2199j),(1905+2165j),(1885+2138j),(1872+2099j),(1876+2049j),(1891+2006j),(1920+1972j),(1945+1938j),(1984+1899j),(2035+1882j),(2084+1874j),(2133+1870j),(2168+1886j),(2201+1908j),(2217+1943j),(2224+1972j),(2219+2021j),(2197+2064j),(2165+2094j),(2123+2122j),(2079+2143j),(2031+2156j),(1980+2148j),(1939+2140j),(1908+2121j),(1878+2088j),(1870+2045j),(1872+2003j),(1902+1955j),(1944+1917j),(1988+1890j),(2038+1875j),(2091+1870j),(2135+1871j),(2172+1891j),(2080+2194j),(2038.391304347826+2038.891304347826j),(2038.391304347826+2038.891304347826j),(2038.391304347826+2038.891304347826j)
(2048+2048j),(2052+2050j),(2047+2049j),(2046+2053j),(2047+2054j),(2050+2054j),(2048+2054j),(2048+2065j),(2048+2073j),(2033+2074j),(2023+2072j),(2020+2072j),(2018+2064j),(2012+2053j),(2018+2042j),(2024+2043j),(2030+2037j),(2029+2034j),(2033+2032j),(2042+2030j),(2046+2024j),(2054+2015j),(2076+2016j),(2084+2023j),(2088+2025j),(2092+2034j),(2094+2042j),(2091+2049j),(2079+2057j),(2074+2061j),(2071+2065j),(2064+2065j),(2056+2071j),(2049+2079j),(2036+2081j),(2017+2075j),(2008+2066j),(2008+2058j),(2011+2044j),(2016+2031j),(2026+2025j),(2037+2021j),(2039+2016j),(2043+2008j),(2059+2004j),(2075+2000j),(2046+2050j),(2040+2047j),(2030+2051j),(2026+2062j)
(2048+2057j),(2033+2056j),(2014+2061j),(1983+2060j),(1964+2053j),(1941+2031j),(1940+2006j),(1957+1978j),(1988+1957j),(2018+1949j),(2048+1950j),(2076+1955j),(2092+1960j),(2119+1966j),(2149+1986j),(2160+2006j),(2168+2025j),(2171+2062j),(2158+2095j),(2128+2123j),(2087+2146j),(2049+2159j),(2017+2157j),(1986+2145j),(1965+2135j),(1953+2118j),(1945+2094j),(1949+2062j),(1964+2040j),(1986+2023j),(2003+2004j),(2030+1984j),(2075+1973j),(2110+1980j),(2129+1987j),(2151+2006j),(2166+2032j),(2159+2053j),(2146+2072j),(2134+2099j),(2107+2120j),(2074+2123j),(2054+2126j),(2035+2138j),(2002+2141j),(1973+2128j),(2054+2048j),(2064+2053j),(2089+2058j),(2114+2049j)
(2042+2045j),(2052+2040j),(2054+2043j),(2053+2044j),(2036+2034j),(2053+2027j),(2061+2025j),(2060+2030j),(2053+2036j),(2053+2033j),(2059+2032j),(2057+2035j),(2067+2038j),(2068+2046j),(2060+2050j),(2069+2049j),(2061+2063j),(2052+2061j),(2039+2062j),(2038+2050j),(2050+2048j),(2049+2050j),(2052+2050j),(2048+2063j),(2042+2053j),(2040+2056j),(2042+2053j),(2035+2061j),(2024+2054j),(2022+2041j),(2039+2036j),(2045+2037j),(2044+2047j),(2036+2046j),(2033+2043j),(2046+2032j),(2047+2029j),(2061+2033j),(2059+2032j),(2072+2029j),(2075+2039j),(2077+2056j),(2064+2068j),(2042+2069j),(2043+2062j),(2038+2066j),(2012+2435j),(2050.2608695652175+2045.5652173913043j),(2050.2608695652175+2045.5652173913043j),(2050.2608695652175+2045.5652173913043j)
(2048+2046j),(2052+2038j),(2051+2041j),(2053+2040j),(2043+2038j),(2044+2029j),(2055+2030j),(2062+2041j),(2049+2045j),(2042+2043j),(2048+2046j),(2045+2048j),(2044+2045j),(2046+2045j),(2050+2050j),(2053+2048j),(2053+2054j),(2049+2064j),(2039+2062j),(2035+2050j),(2043+2046j),(2047+2050j),(2048+2051j),(2044+2055j),(2040+2054j),(2040+2053j),(2039+2045j),(2036+2049j),(2037+2050j),(2038+2045j),(2044+2038j),(2053+2041j),(2057+2049j),(2054+2050j),(2053+2051j),(2057+2054j),(2051+2062j),(2046+2059j),(2036+2055j),(2045+2054j),(2046+2056j),(2047+2055j),(2044+2063j),(2035+2065j),(2028+2054j),(2023+2047j),(2044+2045j),(2042+2050j),(2048+2058j),(2054+2060j)
(2052+2048j),(2055+2044j),(2053+2040j),(2047+2037j),(2044+2032j),(2043+2025j),(2042+2015j),(2054+2011j),(2064+2013j),(2071+2013j),(2079+2017j),(2085+2026j),(2086+2037j),(2075+2042j),(2071+2049j),(2070+2061j),(2059+2072j),(2050+2076j),(2037+2081j),(2029+2083j),(2019+2079j),(2012+2069j),(2013+2066j),(2011+2063j),(2008+2052j),(2010+2046j),(2022+2039j),(2029+2034j),(2034+2030j),(2047+2032j),(2057+2039j),(2058+2043j),(2056+2049j),(2058+2057j),(2057+2061j),(2055+2060j),(2057+2066j),(2054+2075j),(2044+2078j),(2033+2076j),(2026+2074j),(2027+2065j),(2028+2056j),(2031+2049j),(2039+2048j),(2040+2044j),(2051+2051j),(2048+2048j),(2051+2049j),(2055+2056j)
(2048+2048j),(2037+2057j),(2028+2053j),(2024+2053j),(2025+2052j),(2016+2044j),(2014+2036j),(2024+2028j),(2031+2020j),(2036+2015j),(2048+2019j),(2057+2023j),(2061+2019j),(2069+2022j),(2082+2033j),(2076+2044j),(2072+2044j),(2067+2052j),(2067+2056j),(2060+2066j),(2043+2066j),(2037+2066j),(2035+2067j),(2024+2061j),(2017+2059j),(2018+2056j),(2016+2047j),(2021+2032j),(2034+2031j),(2048+2038j),(2045+2039j),(2052+2035j),(2064+2039j),(2070+2046j),(2070+2047j),(2070+2054j),(2076+2062j),(2070+2067j),(2066+2068j),(2056+2077j),(2050+2078j),(2041+2071j),(2033+2066j),(2033+2062j),(2029+2059j),(2026+2051j),(2051+2046j),(2046+2048j),(2053+2057j),(2057+2063j)
(2048+2048j),(2053+2049j),(2057+2050j),(2054+2048j),(2062+2051j),(2055+2061j),(2049+2061j),(2045+2058j),(2048+2057j),(2054+2060j),(2048+2063j),(2040+2059j),(2040+2058j),(2044+2054j),(2046+2048j),(2042+2050j),(2048+2043j),(2050+2043j),(2055+2032j),(2062+2042j),(2053+2048j),(2051+2039j),(2056+2037j),(2059+2041j),(2057+2049j),(2052+2045j),(2047+2049j),(2046+2050j),(2046+2049j),(2041+2053j),(2033+2056j),(2035+2050j),(2035+2043j),(2034+2045j),(2039+2045j),(2040+2047j),(2046+2042j),(2044+2041j),(2057+2044j),(2052+2046j),(2054+2041j),(2058+2045j),(2063+2051j),(2063+2050j),(2058+2059j),(2058+2062j),(2047+2047j),(2052+2047j),(2053+2040j),(2053+2034j)
(2046+2037j),(2052+2044j),(2053+2046j),(2045+2048j),(2047+2051j),(2044+2055j),(2043+2049j),(2042+2047j),(2044+2050j),(2046+2056j),(2036+2056j),(2030+2051j),(2033+2050j),(2037+2048j),(2041+2043j),(2043+2046j),(2051+2050j),(2049+2049j),(2048+2043j),(2055+2048j),(2052+2051j),(2053+2046j),(2058+2045j),(2061+2052j),(2055+2055j),(2046+2051j),(2046+2051j),(2050+2051j),(2050+2050j),(2047+2051j),(2042+2055j),(2040+2053j),(2035+2045j),(2035+2044j),(2041+2045j),(2044+2041j),(2049+2040j),(2050+2046j),(2054+2051j),(2049+2049j),(2047+2045j),(2052+2044j),(2057+2045j),(2056+2046j),(2054+2054j),(2052+2058j),(2047+2050j),(2055+2052j),(2051+2047j),(2054+2042j)
(2048+2052j),(2050+2048j),(2054+2047j),(2058+2051j),(2057+2051j),(2057+2047j),(2058+2045j),(2065+2049j),(2062+2052j),(2055+2051j),(2055+2055j),(2054+2059j),(2047+2058j),(2042+2055j),(2043+2058j),(2036+2058j),(2033+2050j),(2034+2051j),(2037+2053j),(2035+2049j),(2035+2044j),(2037+2042j),(2042+2041j),(2044+2041j),(2046+2040j),(2050+2044j),(2050+2043j),(2050+2042j),(2051+2044j),(2053+2049j),(2050+2049j),(2048+2049j),(2047+2055j),(2047+2057j),(2044+2050j),(2044+2050j),(2045+2054j),(2043+2054j),(2037+2050j),(2038+2049j),(2038+2049j),(2036+2043j),(2036+2040j),(2040+2039j),(2042+2036j),(2043+2035j),(2047+2048j),(2036+2046j),(2044+2050j),(2035+2052j)
(2046+2047j),(2053+2041j),(2057+2049j),(2053+2051j),(2043+2046j),(2047+2043j),(2052+2043j),(2051+2045j),(2045+2044j),(2050+2043j),(2057+2042j),(2056+2044j),(2057+2046j),(2060+2049j),(2057+2051j),(2055+2048j),(2056+2055j),(2055+2057j),(2046+2058j),(2045+2051j),(2049+2056j),(2047+2058j),(2043+2056j),(2040+2060j),(2040+2058j),(2039+2055j),(2040+2049j),(2047+2052j),(2048+2054j),(2044+2048j),(2049+2047j),(2052+2050j),(2051+2051j),(2046+2047j),(2046+2048j),(2057+2050j),(2055+2052j),(2052+2051j),(2047+2052j),(2051+2048j),(2050+2046j),(2053+2047j),(2053+2054j),(2044+2053j),(2041+2047j),(2039+2049j),(2043+2041j),(2043+2046j),(2045+2046j),(2047+2046j)
(2042+2039j),(2058+2030j),(2075+2039j),(2087+2043j),(2075+2045j),(2089+2045j),(2094+2059j),(2086+2071j),(2067+2076j),(2057+2076j),(2059+2075j),(2045+2082j),(2032+2085j),(2021+2085j),(2001+2077j),(2003+2057j),(2000+2058j),(2003+2051j),(1996+2049j),(2001+2025j),(2026+2022j),(2033+2026j),(2036+2019j),(2044+2024j),(2055+2019j),(2059+2028j),(2065+2027j),(2070+2044j),(2062+2052j),(2053+2048j),(2058+2051j),(2049+2063j),(2038+2074j),(2023+2070j),(2015+2068j),(2020+2060j),(2015+2056j),(2017+2054j),(2009+2048j),(2026+2036j),(2029+2032j),(2040+2028j),(2049+2027j),(2049+2027j),(2061+2019j),(2067+2027j),(2428+1908j),(2042.5869565217392+2048.1739130434785j),(2042.5869565217392+2048.1739130434785j),(2042.5869565217392+2048.1739130434785j)
(2043+2051j),(2041+2042j),(2045+2033j),(2052+2018j),(2059+2006j),(2073+1998j),(2084+2001j),(2089+2000j),(2095+1999j),(2108+2007j),(2119+2021j),(2119+2038j),(2113+2052j),(2107+2073j),(2089+2088j),(2067+2095j),(2048+2100j),(2032+2104j),(2012+2101j),(1999+2094j),(1994+2092j),(1986+2086j),(1979+2073j),(1975+2062j),(1981+2047j),(1993+2030j),(2006+2016j),(2027+2009j),(2049+2007j),(2066+2009j),(2076+2015j),(2086+2026j),(2093+2037j),(2090+2046j),(2087+2055j),(2085+2068j),(2075+2081j),(2060+2090j),(2045+2099j),(2029+2100j),(2010+2098j),(1996+2091j),(1989+2080j),(1983+2063j),(1985+2045j),(1995+2033j),(2043+2047j),(2039+2052j),(2044+2058j),(2041+2069j)
(2048+2048j),(2031+2063j),(1993+2089j),(1953+2104j),(1906+2106j),(1875+2086j),(1857+2061j),(1858+2037j),(1867+2004j),(1891+1971j),(1932+1947j),(1973+1925j),(2024+1905j),(2080+1905j),(2127+1918j),(2162+1939j),(2185+1964j),(2206+1999j),(2212+2036j),(2206+2065j),(2194+2098j),(2173+2133j),(2138+2158j),(2091+2174j),(2048+2181j),(2007+2179j),(1972+2159j),(1949+2131j),(1942+2100j),(1951+2070j),(1964+2038j),(1989+2008j),(2021+1993j),(2047+1976j),(2077+1960j),(2123+1959j),(2158+1970j),(2181+1982j),(2195+2007j),(2207+2038j),(2201+2073j),(2178+2105j),(2144+2133j),(2107+2153j),(2070+2156j),(2036+2154j),(2051+2041j),(2061+2039j),(2093+2035j),(2117+2012j)
(2048+2048j),(2058+2050j),(2066+2058j),(2066+2081j),(2051+2098j),(2037+2113j),(2017+2118j),(2000+2126j),(1975+2124j),(1965+2099j),(1967+2078j),(1971+2066j),(1976+2054j),(1971+2034j),(1979+2007j),(2011+1985j),(2041+1976j),(2069+1967j),(2085+1975j),(2105+1970j),(2139+1972j),(2157+1991j),(2160+2015j),(2161+2039j),(2151+2057j),(2125+2083j),(2110+2097j),(2084+2119j),(2040+2133j),(2001+2129j),(1982+2119j),(1962+2107j),(1935+2091j),(1931+2061j),(1942+2037j),(1947+2006j),(1970+1972j),(2013+1954j),(2043+1943j),(2080+1930j),(2120+1934j),(2154+1954j),(2171+1974j),(2180+1999j),(2188+2032j),(2177+2070j),(1755+1407j),(2051.7608695652175+2040.108695652174j),(2051.7608695652175+2040.108695652174j),(2051.7608695652175+2040.108695652174j)
(2033+2049j),(2023+2066j),(1997+2095j),(1946+2125j),(1885+2145j),(1828+2141j),(1792+2107j),(1778+2066j),(1788+2028j),(1815+1984j),(1856+1939j),(1912+1905j),(1976+1883j),(2037+1869j),(2093+1861j),(2159+1864j),(2223+1883j),(2272+1913j),(2303+1960j),(2319+2018j),(2307+2077j),(2266+2129j),(2226+2170j),(2182+2208j),(2121+2229j),(2060+2231j),(2010+2232j),(1968+2217j),(1922+2195j),(1888+2157j),(1880+2111j),(1893+2057j),(1921+2008j),(1957+1975j),(2004+1946j),(2050+1930j),(2093+1919j),(2143+1923j),(2183+1936j),(2210+1949j),(2239+1974j),(2256+2011j),(2253+2054j),(2228+2089j),(2209+2120j),(2181+2153j),(2050+2043j),(2050+2027j),(2038+2002j),(2024+1979j)
(2048+2048j),(2090+2053j),(2152+2079j),(2189+2147j),(2201+2225j),(2159+2296j),(2096+2336j),(2055+2359j),(2002+2376j),(1929+2378j),(1857+2361j),(1796+2322j),(1738+2261j),(1701+2178j),(1712+2088j),(1743+2004j),(1793+1923j),(1851+1859j),(1929+1803j),(2011+1764j),(2088+1736j),(2177+1724j),(2262+1738j),(2334+1764j),(2394+1824j),(2413+1908j),(2396+1987j),(2355+2058j),(2294+2122j),(2228+2174j),(2150+2203j),(2069+2219j),(1992+2221j),(1926+2207j),(1860+2179j),(1805+2130j),(1782+2067j),(1782+1991j),(1819+1914j),(1879+1861j),(1943+1829j),(2004+1805j),(2066+1785j),(2147+1782j),(2212+1807j),(2255+1836j),(2043+2053j),(2010+2056j),(1978+2059j),(1908+2079j)
(2039+2033j),(2037+1994j),(2039+1932j),(2059+1842j),(2112+1759j),(2199+1697j),(2287+1668j),(2380+1669j),(2449+1716j),(2478+1779j),(2496+1843j),(2496+1920j),(2485+2002j),(2456+2093j),(2399+2186j),(2325+2284j),(2212+2371j),(2091+2420j),(1964+2454j),(1844+2458j),(1749+2443j),(1652+2410j),(1570+2354j),(1520+2288j),(1494+2198j),(1506+2102j),(1541+2012j),(1610+1921j),(1695+1843j),(1796+1780j),(1913+1749j),(2032+1736j),(2140+1747j),(2231+1787j),(2306+1847j),(2351+1918j),(2369+1990j),(2377+2078j),(2352+2166j),(2298+2245j),(2220+2321j),(2122+2381j),(2014+2411j),(1901+2408j),(1815+2381j),(1740+2351j),(1675+1901j),(2068.717391304348+2064.9347826086955j),(2068.717391304348+2064.9347826086955j),(2068.717391304348+2064.9347826086955j)
(2036+2064j),(1964+2089j),(1853+2123j),(1724+2137j),(1612+2111j),(1597+2048j),(1658+1959j),(1779+1855j),(1770+1767j),(1687+1692j),(1729+1632j),(1818+1572j),(1948+1519j),(2103+1503j),(2259+1507j),(2403+1535j),(2536+1586j),(2657+1677j),(2741+1792j),(2781+1925j),(2787+2071j),(2758+2224j),(2681+2373j),(2556+2507j),(2414+2619j),(2248+2700j),(2060+2742j),(1898+2738j),(1747+2713j),(1615+2645j),(1516+2547j),(1455+2430j),(1438+2293j),(1457+2152j),(1522+2001j),(1630+1874j),(1763+1763j),(1913+1674j),(2081+1633j),(2227+1628j),(2362+1642j),(2486+1679j),(2589+1755j),(2652+1853j),(2674+1960j),(2667+2078j),(2040+2038j),(1996+2002j),(1915+1958j),(1787+1922j)
(2053+2051j),(2053+2066j),(2037+2106j),(1995+2150j),(1937+2168j),(1887+2171j),(1851+2161j),(1833+2147j),(1812+2122j),(1800+2083j),(1816+2048j),(1837+2006j),(1872+1961j),(1910+1925j),(1964+1893j),(2023+1872j),(2083+1861j),(2148+1860j),(2197+1876j),(2233+1898j),(2261+1929j),(2282+1967j),(2296+2007j),(2279+2050j),(2266+2081j),(2248+2123j),(2206+2149j),(2168+2160j),(2138+2179j),(2096+2189j),(2063+2184j),(2031+2186j),(1996+2180j),(1965+2157j),(1948+2128j),(1941+2106j),(1930+2082j),(1933+2052j),(1940+2028j),(1957+2005j),(1972+1988j),(1985+1967j),(2011+1948j),(2045+1936j),(2075+1928j),(2104+1924j),(2051+2046j),(2033+2056j),(2012+2082j),(1996+2116j)
(2052+2056j),(2068+2089j),(2075+2156j),(2041+2236j),(1980+2299j),(1913+2354j),(1834+2371j),(1776+2358j),(1730+2337j),(1698+2302j),(1675+2246j),(1666+2182j),(1680+2121j),(1699+2058j),(1726+1986j),(1781+1919j),(1835+1860j),(1903+1796j),(1976+1753j),(2063+1718j),(2152+1699j),(2234+1692j),(2309+1705j),(2387+1735j),(2446+1772j),(2486+1819j),(2516+1880j),(2526+1955j),(2504+2026j),(2468+2095j),(2416+2167j),(2348+2231j),(2261+2282j),(2168+2314j),(2081+2330j),(1990+2327j),(1907+2305j),(1846+2272j),(1792+2226j),(1757+2161j),(1739+2098j),(1747+2030j),(1774+1957j),(1818+1890j),(1878+1835j),(1948+1792j),(1948+2619j),(2014.5434782608695+2060.695652173913j),(2014.5434782608695+2060.695652173913j),(2014.5434782608695+2060.695652173913j)
(2043+2049j),(2016+2031j),(1977+1989j),(1961+1933j),(1965+1870j),(1989+1816j),(2027+1775j),(2077+1750j),(2124+1738j),(2166+1734j),(2224+1745j),(2275+1777j),(2316+1816j),(2347+1869j),(2369+1934j),(2373+2005j),(2354+2073j),(2327+2140j),(2294+2211j),(2235+2269j),(2163+2316j),(2092+2358j),(2023+2393j),(1945+2407j),(1869+2400j),(1808+2390j),(1750+2363j),(1704+2313j),(1683+2262j),(1675+2209j),(1679+2148j),(1695+2088j),(1733+2029j),(1778+1974j),(1828+1919j),(1896+1874j),(1978+1847j),(2055+1833j),(2129+1834j),(2196+1854j),(2254+1887j),(2292+1923j),(2316+1968j),(2326+2027j),(2317+2089j),(2289+2144j),(2052+2039j),(2044+2015j),(2043+1976j),(2008+1918j)
(2049+2043j),(2071+2028j),(2116+2005j),(2165+1983j),(2224+1980j),(2263+1995j),(2287+2023j),(2292+2047j),(2285+2077j),(2268+2113j),(2241+2145j),(2204+2171j),(2163+2201j),(2119+2222j),(2067+2235j),(2012+2238j),(1968+2236j),(1925+2227j),(1880+2209j),(1842+2188j),(1812+2156j),(1791+2116j),(1783+2072j),(1790+2033j),(1804+1997j),(1820+1958j),(1844+1923j),(1884+1890j),(1929+1864j),(1970+1844j),(2015+1840j),(2062+1840j),(2101+1842j),(2141+1855j),(2174+1883j),(2197+1914j),(2208+1939j),(2214+1975j),(2217+2015j),(2203+2051j),(2177+2083j),(2145+2118j),(2111+2145j),(2076+2158j),(2038+2166j),(2002+2174j),(2051+2041j),(2069+2038j),(2091+2021j),(2111+1998j)
(2047+2044j),(2054+2044j),(2049+2052j),(2040+2059j),(2019+2040j),(2037+2033j),(2041+2031j),(2048+2031j),(2041+2032j),(2049+2023j),(2063+2019j),(2069+2022j),(2079+2032j),(2073+2040j),(2070+2037j),(2079+2036j),(2080+2049j),(2080+2061j),(2056+2074j),(2048+2062j),(2059+2066j),(2052+2076j),(2038+2079j),(2025+2081j),(2027+2069j),(2019+2070j),(2023+2055j),(2031+2060j),(2020+2057j),(2019+2040j),(2039+2032j),(2048+2035j),(2048+2042j),(2045+2037j),(2054+2041j),(2063+2043j),(2060+2044j),(2072+2051j),(2059+2060j),(2063+2055j),(2060+2058j),(2062+2062j),(2059+2070j),(2046+2069j),(2047+2063j),(2042+2071j),(1290+2042j),(2050.0434782608695+2050.1521739130435j),(2050.0434782608695+2050.1521739130435j),(2050.0434782608695+2050.1521739130435j)
(2045+2047j),(2045+2050j),(2048+2055j),(2047+2052j),(2046+2053j),(2044+2060j),(2039+2062j),(2033+2058j),(2029+2056j),(2030+2058j),(2029+2057j),(2026+2055j),(2025+2053j),(2030+2050j),(2025+2045j),(2023+2039j),(2029+2034j),(2032+2027j),(2034+2019j),(2042+2017j),(2054+2019j),(2058+2015j),(2062+2010j),(2074+2017j),(2083+2022j),(2088+2022j),(2092+2030j),(2096+2043j),(2093+2050j),(2087+2056j),(2082+2066j),(2077+2074j),(2069+2078j),(2058+2081j),(2050+2085j),(2043+2083j),(2032+2078j),(2025+2073j),(2022+2070j),(2018+2061j),(2014+2049j),(2017+2045j),(2021+2039j),(2022+2030j),(2028+2022j),(2038+2021j),(2046+2049j),(2040+2056j),(2040+2061j),(2032+2062j)
(2049+2043j),(2058+2046j),(2060+2048j),(2059+2046j),(2058+2041j),(2065+2042j),(2066+2041j),(2068+2041j),(2068+2046j),(2069+2044j),(2070+2041j),(2066+2045j),(2064+2048j),(2060+2050j),(2053+2046j),(2055+2046j),(2054+2051j),(2050+2052j),(2040+2052j),(2040+2052j),(2038+2053j),(2030+2049j),(2030+2051j),(2028+2056j),(2026+2049j),(2022+2046j),(2026+2042j),(2030+2043j),(2022+2041j),(2020+2035j),(2031+2035j),(2035+2033j),(2033+2032j),(2036+2030j),(2044+2031j),(2050+2029j),(2052+2029j),(2060+2036j),(2058+2041j),(2056+2038j),(2056+2042j),(2060+2051j),(2058+2055j),(2051+2054j),(2052+2058j),(2052+2065j),(2047+2047j),(2051+2044j),(2045+2038j),(2047+2040j)
(2049+2048j),(2051+2043j),(2049+2043j),(2045+2049j),(2037+2045j),(2040+2039j),(2039+2037j),(2046+2040j),(2040+2040j),(2039+2030j),(2050+2029j),(2057+2031j),(2057+2032j),(2055+2035j),(2061+2038j),(2065+2039j),(2062+2040j),(2064+2046j),(2059+2056j),(2055+2050j),(2055+2050j),(2052+2058j),(2047+2062j),(2039+2059j),(2039+2056j),(2039+2062j),(2037+2056j),(2037+2056j),(2030+2060j),(2031+2058j),(2035+2053j),(2037+2052j),(2040+2057j),(2038+2053j),(2040+2047j),(2044+2048j),(2048+2049j),(2055+2052j),(2045+2050j),(2052+2046j),(2056+2046j),(2054+2044j),(2050+2045j),(2049+2048j),(2053+2046j),(2051+2044j),(1528+2428j),(2047.2391304347825+2047.108695652174j),(2047.2391304347825+2047.108695652174j),(2047.2391304347825+2047.108695652174j)
(2048+2048j),(2044+2054j),(2044+2048j),(2042+2043j),(2050+2048j),(2044+2050j),(2042+2047j),(2042+2045j),(2051+2046j),(2053+2048j),(2047+2048j),(2048+2046j),(2050+2044j),(2054+2039j),(2056+2038j),(2060+2042j),(2060+2043j),(2054+2041j),(2056+2043j),(2063+2052j),(2054+2050j),(2047+2045j),(2051+2049j),(2053+2055j),(2043+2054j),(2043+2053j),(2041+2061j),(2037+2055j),(2039+2050j),(2040+2052j),(2036+2053j),(2035+2048j),(2034+2042j),(2041+2044j),(2045+2047j),(2040+2045j),(2044+2043j),(2049+2044j),(2054+2039j),(2050+2039j),(2056+2044j),(2057+2046j),(2054+2045j),(2055+2047j),(2056+2054j),(2054+2051j),(2048+2055j),(2047+2056j),(2051+2053j),(2051+2046j)
(2046+2046j),(2049+2048j),(2045+2047j),(2042+2046j),(2047+2052j),(2045+2054j),(2041+2049j),(2042+2048j),(2046+2049j),(2044+2049j),(2042+2047j),(2043+2050j),(2044+2049j),(2041+2049j),(2038+2051j),(2043+2053j),(2044+2050j),(2042+2047j),(2043+2047j),(2047+2051j),(2045+2047j),(2042+2043j),(2048+2043j),(2050+2046j),(2048+2041j),(2051+2038j),(2055+2040j),(2054+2034j),(2057+2032j),(2061+2034j),(2063+2038j),(2063+2039j),(2061+2042j),(2064+2046j),(2064+2045j),(2059+2045j),(2058+2048j),(2061+2053j),(2053+2053j),(2041+2052j),(2042+2057j),(2040+2057j),(2034+2051j),(2032+2048j),(2035+2050j),(2035+2048j),(2051+2048j),(2050+2045j),(2045+2042j),(2050+2053j)
(2046+2046j),(2055+2042j),(2056+2051j),(2055+2065j),(2033+2055j),(2050+2044j),(2054+2042j),(2062+2053j),(2045+2057j),(2042+2043j),(2055+2041j),(2057+2046j),(2057+2049j),(2042+2052j),(2040+2048j),(2049+2045j),(2045+2047j),(2045+2052j),(2030+2064j),(2026+2042j),(2040+2040j),(2041+2047j),(2039+2048j),(2032+2045j),(2040+2031j),(2045+2041j),(2055+2030j),(2065+2042j),(2050+2050j),(2050+2044j),(2065+2041j),(2064+2049j),(2057+2062j),(2046+2061j),(2043+2058j),(2046+2063j),(2042+2063j),(2047+2067j),(2025+2066j),(2032+2053j),(2036+2053j),(2039+2047j),(2036+2044j),(2034+2043j),(2045+2032j),(2045+2034j),(1260+2224j),(2045.7173913043478+2048.6521739130435j),(2045.7173913043478+2048.6521739130435j),(2045.7173913043478+2048.6521739130435j)
(2048+2045j),(2053+2046j),(2056+2054j),(2052+2057j),(2042+2050j),(2052+2052j),(2053+2055j),(2050+2057j),(2044+2058j),(2045+2057j),(2046+2053j),(2044+2051j),(2045+2052j),(2044+2054j),(2035+2047j),(2037+2041j),(2041+2044j),(2043+2042j),(2036+2041j),(2038+2033j),(2050+2033j),(2053+2033j),(2054+2032j),(2058+2038j),(2061+2038j),(2061+2038j),(2064+2038j),(2070+2048j),(2066+2053j),(2059+2048j),(2063+2048j),(2061+2052j),(2053+2056j),(2043+2055j),(2046+2056j),(2049+2054j),(2043+2052j),(2043+2052j),(2039+2053j),(2042+2042j),(2042+2038j),(2044+2039j),(2046+2041j),(2045+2036j),(2050+2032j),(2053+2040j),(2046+2047j),(2043+2049j),(2043+2047j),(2041+2045j)
(2046+2043j),(2044+2040j),(2049+2041j),(2054+2040j),(2056+2041j),(2050+2045j),(2049+2051j),(2048+2051j),(2045+2050j),(2044+2053j),(2043+2055j),(2038+2053j),(2031+2048j),(2035+2048j),(2034+2047j),(2032+2040j),(2037+2036j),(2045+2036j),(2051+2034j),(2052+2036j),(2053+2040j),(2056+2041j),(2059+2038j),(2060+2041j),(2066+2049j),(2067+2055j),(2060+2058j),(2055+2060j),(2060+2063j),(2055+2065j),(2043+2066j),(2042+2066j),(2040+2065j),(2035+2064j),(2031+2061j),(2033+2062j),(2033+2058j),(2029+2050j),(2035+2048j),(2040+2050j),(2041+2045j),(2041+2040j),(2049+2041j),(2055+2043j),(2054+2040j),(2056+2040j),(2050+2049j),(2049+2052j),(2053+2053j),(2045+2046j)
(2047+2048j),(2060+2042j),(2060+2050j),(2057+2058j),(2036+2038j),(2058+2025j),(2065+2025j),(2072+2033j),(2056+2033j),(2057+2023j),(2071+2025j),(2075+2032j),(2076+2038j),(2066+2044j),(2068+2041j),(2078+2040j),(2080+2049j),(2082+2059j),(2063+2072j),(2051+2056j),(2063+2057j),(2060+2067j),(2047+2074j),(2029+2077j),(2028+2064j),(2023+2071j),(2021+2058j),(2021+2065j),(1999+2065j),(1993+2049j),(2007+2034j),(2012+2034j),(2011+2037j),(2005+2025j),(2016+2014j),(2031+2012j),(2035+2010j),(2054+2012j),(2044+2020j),(2059+2015j),(2063+2022j),(2071+2028j),(2070+2040j),(2062+2046j),(2069+2045j),(2064+2060j),(2270+1856j),(2048.586956521739+2042j),(2048.586956521739+2042j),(2048.586956521739+2042j)
(2048+2048j),(2054+2053j),(2050+2058j),(2050+2071j),(2038+2077j),(2030+2077j),(2022+2080j),(2019+2083j),(2012+2079j),(2005+2070j),(2004+2064j),(2003+2061j),(2001+2054j),(2000+2044j),(2003+2035j),(2013+2026j),(2021+2018j),(2029+2010j),(2040+2007j),(2054+1996j),(2073+1995j),(2085+2001j),(2095+2006j),(2100+2012j),(2104+2015j),(2113+2029j),(2113+2037j),(2111+2050j),(2101+2065j),(2093+2074j),(2086+2080j),(2074+2087j),(2064+2097j),(2047+2099j),(2031+2094j),(2023+2091j),(2014+2087j),(2011+2080j),(1999+2075j),(1995+2059j),(1998+2052j),(2000+2038j),(2004+2026j),(2017+2018j),(2033+2007j),(2045+1999j),(2050+2044j),(2042+2044j),(2034+2052j),(2026+2064j)
(2043+2042j),(2052+2026j),(2072+1989j),(2102+1945j),(2159+1911j),(2213+1901j),(2250+1900j),(2280+1909j),(2309+1938j),(2313+1975j),(2305+2010j),(2295+2054j),(2272+2105j),(2235+2147j),(2190+2186j),(2138+2226j),(2078+2253j),(2015+2264j),(1958+2263j),(1911+2265j),(1858+2248j),(1815+2219j),(1786+2187j),(1774+2151j),(1766+2110j),(1768+2064j),(1787+2029j),(1814+1989j),(1846+1952j),(1883+1925j),(1925+1908j),(1969+1891j),(2010+1881j),(2054+1886j),(2092+1900j),(2120+1911j),(2148+1929j),(2164+1961j),(2176+1985j),(2176+2012j),(2175+2041j),(2166+2071j),(2148+2093j),(2128+2115j),(2107+2139j),(2082+2157j),(2053+2045j),(2060+2036j),(2078+2017j),(2091+1993j)
(2048+2036j),(2072+2037j),(2103+2040j),(2138+2046j),(2172+2066j),(2187+2095j),(2184+2121j),(2173+2141j),(2162+2159j),(2143+2175j),(2117+2184j),(2090+2198j),(2068+2211j),(2034+2217j),(1988+2215j),(1950+2209j),(1918+2200j),(1883+2173j),(1857+2139j),(1842+2114j),(1830+2080j),(1826+2037j),(1829+1996j),(1850+1957j),(1878+1915j),(1912+1876j),(1955+1851j),(2001+1829j),(2052+1808j),(2106+1800j),(2159+1806j),(2208+1822j),(2244+1849j),(2276+1887j),(2300+1937j),(2297+1988j),(2281+2039j),(2252+2096j),(2210+2144j),(2153+2185j),(2090+2217j),(2027+2240j),(1961+2241j),(1904+2224j),(1857+2202j),(1822+2163j),(2040+2044j),(2043+2068j),(2092+2091j),(2144+2105j)
(2055+2064j),(2035+2113j),(1990+2196j),(1913+2278j),(1820+2352j),(1703+2387j),(1616+2380j),(1563+2337j),(1522+2282j),(1506+2218j),(1512+2144j),(1533+2061j),(1568+1969j),(1640+1877j),(1730+1797j),(1829+1723j),(1944+1664j),(2067+1632j),(2194+1610j),(2303+1619j),(2396+1646j),(2480+1687j),(2550+1741j),(2594+1811j),(2613+1896j),(2615+1974j),(2593+2056j),(2552+2130j),(2500+2209j),(2425+2282j),(2328+2336j),(2230+2374j),(2140+2391j),(2042+2396j),(1939+2381j),(1855+2346j),(1790+2289j),(1737+2210j),(1731+2128j),(1742+2055j),(1766+1976j),(1808+1897j),(1879+1830j),(1964+1780j),(2043+1743j),(2132+1722j),(2036+2048j),(1995+2060j),(1935+2083j),(1856+2113j)
(2055+2046j),(2058+2029j),(2068+1986j),(2111+1934j),(2173+1909j),(2219+1894j),(2266+1888j),(2301+1905j),(2328+1930j),(2347+1961j),(2349+2014j),(2329+2071j),(2301+2119j),(2264+2171j),(2201+2228j),(2132+2265j),(2064+2284j),(1985+2300j),(1910+2299j),(1858+2286j),(1799+2265j),(1743+2230j),(1716+2181j),(1707+2129j),(1703+2068j),(1729+2012j),(1765+1965j),(1812+1914j),(1869+1878j),(1934+1855j),(1999+1847j),(2047+1847j),(2099+1850j),(2154+1876j),(2190+1906j),(2207+1943j),(2219+1984j),(2224+2028j),(2211+2071j),(2183+2114j),(2154+2156j),(2105+2190j),(2051+2205j),(2006+2213j),(1967+2219j),(1923+2211j),(2056+2047j),(2074+2049j),(2102+2049j),(2147+2054j)
(2046+2043j),(2043+2071j),(2008+2118j),(1963+2165j),(1892+2205j),(1837+2212j),(1783+2207j),(1748+2181j),(1728+2150j),(1715+2107j),(1729+2050j),(1759+2001j),(1800+1943j),(1854+1888j),(1919+1843j),(1999+1809j),(2073+1792j),(2147+1773j),(2231+1781j),(2302+1809j),(2360+1847j),(2398+1900j),(2417+1968j),(2415+2036j),(2391+2096j),(2359+2162j),(2299+2222j),(2227+2264j),(2150+2290j),(2073+2309j),(1995+2304j),(1922+2281j),(1866+2239j),(1837+2185j),(1823+2125j),(1827+2061j),(1846+1997j),(1894+1938j),(1943+1891j),(2009+1846j),(2082+1830j),(2152+1827j),(2211+1837j),(2260+1868j),(2298+1910j),(2308+1960j),(2050+2046j),(2041+2025j),(2030+1990j),(1994+1946j)
(2037+2050j),(2026+2054j),(2006+2050j),(1993+2042j),(1975+2020j),(1978+2005j),(1982+1993j),(1993+1976j),(2007+1962j),(2032+1957j),(2055+1958j),(2077+1953j),(2108+1961j),(2124+1983j),(2134+1995j),(2149+2011j),(2146+2039j),(2145+2062j),(2128+2088j),(2105+2102j),(2087+2111j),(2070+2120j),(2052+2118j),(2034+2121j),(2024+2125j),(2001+2124j),(1981+2103j),(1978+2090j),(1987+2077j),(1988+2062j),(1994+2048j),(2007+2039j),(2023+2032j),(2030+2025j),(2050+2020j),(2071+2022j),(2083+2026j),(2096+2034j),(2096+2045j),(2104+2057j),(2099+2063j),(2098+2072j),(2096+2092j),(2083+2101j),(2065+2105j),(2046+2109j),(2050+2050j),(2062+2055j),(2082+2049j),(2091+2040j)
(2040+2041j),(2055+2031j),(2070+2026j),(2092+2014j),(2105+2009j),(2140+2013j),(2159+2027j),(2159+2050j),(2150+2069j),(2148+2083j),(2143+2108j),(2107+2134j),(2079+2144j),(2044+2158j),(1999+2158j),(1970+2139j),(1946+2141j),(1918+2121j),(1896+2095j),(1896+2056j),(1915+2032j),(1922+2007j),(1937+1974j),(1971+1952j),(2011+1925j),(2052+1921j),(2096+1920j),(2132+1943j),(2146+1967j),(2156+1985j),(2172+2013j),(2167+2052j),(2143+2089j),(2113+2112j),(2083+2135j),(2055+2147j),(2012+2153j),(1983+2156j),(1938+2152j),(1912+2123j),(1900+2090j),(1903+2064j),(1904+2037j),(1914+2006j),(1940+1978j),(1966+1955j),(2272+1951j),(2033.891304347826+2054.4565217391305j),(2033.891304347826+2054.4565217391305j),(2033.891304347826+2054.4565217391305j)
(2055+2044j),(2083+2065j),(2085+2126j),(2062+2180j),(1990+2220j),(1939+2238j),(1892+2244j),(1843+2230j),(1802+2196j),(1791+2154j),(1793+2106j),(1797+2052j),(1822+1994j),(1858+1943j),(1905+1883j),(1995+1829j),(2077+1817j),(2149+1812j),(2209+1829j),(2258+1845j),(2308+1886j),(2328+1941j),(2326+1990j),(2313+2048j),(2289+2097j),(2244+2147j),(2188+2178j),(2122+2220j),(2045+2230j),(1979+2209j),(1933+2193j),(1884+2168j),(1851+2123j),(1837+2065j),(1846+2010j),(1882+1951j),(1924+1901j),(1987+1862j),(2043+1837j),(2123+1821j),(2186+1827j),(2243+1851j),(2290+1894j),(2319+1946j),(2326+2000j),(2312+2068j),(2046+2037j),(2054+2020j),(2061+1974j),(2032+1918j)
(2051+2052j),(2065+2042j),(2086+2037j),(2118+2040j),(2136+2049j),(2157+2064j),(2156+2090j),(2145+2113j),(2125+2130j),(2094+2140j),(2069+2152j),(2043+2158j),(2009+2153j),(1976+2149j),(1947+2137j),(1930+2108j),(1916+2085j),(1914+2054j),(1921+2026j),(1935+1991j),(1965+1963j),(2002+1945j),(2036+1941j),(2059+1942j),(2082+1938j),(2116+1946j),(2145+1960j),(2159+1981j),(2173+2014j),(2168+2052j),(2142+2077j),(2113+2099j),(2085+2122j),(2043+2130j),(2008+2126j),(1987+2121j),(1958+2113j),(1942+2094j),(1926+2076j),(1914+2050j),(1917+2013j),(1939+1976j),(1972+1947j),(2012+1933j),(2056+1924j),(2088+1927j),(2042+2050j),(2032+2043j),(2010+2044j),(1971+2050j)
(2043+2039j),(2045+2030j),(2045+2020j),(2071+2014j),(2065+2006j),(2100+1999j),(2118+2014j),(2118+2038j),(2103+2055j),(2091+2058j),(2094+2066j),(2084+2080j),(2078+2088j),(2053+2114j),(2019+2121j),(2007+2103j),(1991+2106j),(1980+2094j),(1968+2086j),(1964+2058j),(1982+2043j),(1985+2038j),(1994+2021j),(2008+2010j),(2032+1990j),(2058+1999j),(2080+2000j),(2089+2016j),(2089+2027j),(2099+2030j),(2112+2038j),(2112+2062j),(2102+2087j),(2080+2093j),(2061+2100j),(2050+2108j),(2014+2114j),(1997+2104j),(1972+2087j),(1973+2068j),(1969+2054j),(1974+2041j),(1974+2028j),(1976+2013j),(2002+1986j),(2027+1975j),(1638+1558j),(2040.1739130434783+2050.4565217391305j),(2040.1739130434783+2050.4565217391305j),(2040.1739130434783+2050.4565217391305j)
(2049+2050j),(2048+2040j),(2058+2023j),(2079+2018j),(2093+2007j),(2113+1999j),(2132+2008j),(2140+2023j),(2137+2039j),(2130+2057j),(2116+2071j),(2100+2079j),(2084+2091j),(2061+2102j),(2038+2103j),(2019+2100j),(1998+2095j),(1990+2079j),(1986+2068j),(1981+2051j),(1990+2034j),(2005+2030j),(2015+2024j),(2022+2016j),(2038+2012j),(2054+2017j),(2061+2020j),(2072+2024j),(2077+2040j),(2068+2052j),(2060+2059j),(2052+2066j),(2045+2073j),(2032+2073j),(2022+2072j),(2016+2072j),(2009+2067j),(2008+2058j),(2002+2054j),(2006+2049j),(2005+2043j),(2008+2028j),(2026+2022j),(2039+2029j),(2048+2030j),(2050+2035j),(2048+2047j),(2047+2045j),(2050+2042j),(2035+2031j)
(2056+2054j),(2068+2047j),(2077+2057j),(2083+2070j),(2067+2077j),(2061+2078j),(2053+2083j),(2053+2085j),(2043+2085j),(2031+2078j),(2034+2072j),(2033+2075j),(2025+2071j),(2012+2065j),(2012+2056j),(2019+2043j),(2021+2036j),(2033+2032j),(2038+2038j),(2035+2022j),(2050+2020j),(2058+2029j),(2058+2025j),(2061+2026j),(2071+2024j),(2080+2037j),(2079+2038j),(2078+2045j),(2070+2051j),(2066+2049j),(2068+2047j),(2060+2054j),(2046+2067j),(2032+2059j),(2022+2050j),(2020+2044j),(2017+2036j),(2024+2027j),(2021+2024j),(2033+2024j),(2034+2022j),(2037+2017j),(2042+2013j),(2053+2011j),(2068+2010j),(2074+2016j),(2044+2050j),(2039+2048j),(2036+2049j),(2021+2050j)
(2054+2043j),(2062+2043j),(2064+2048j),(2067+2059j),(2053+2070j),(2048+2073j),(2035+2075j),(2031+2082j),(2018+2084j),(2006+2072j),(2011+2059j),(2021+2058j),(2028+2053j),(2025+2050j),(2024+2048j),(2032+2043j),(2033+2040j),(2041+2033j),(2048+2036j),(2056+2026j),(2073+2025j),(2078+2035j),(2079+2045j),(2075+2053j),(2066+2051j),(2060+2058j),(2063+2053j),(2062+2057j),(2051+2060j),(2049+2060j),(2052+2058j),(2045+2061j),(2036+2062j),(2032+2056j),(2031+2050j),(2033+2041j),(2038+2035j),(2053+2038j),(2046+2037j),(2050+2030j),(2055+2033j),(2062+2033j),(2061+2033j),(2061+2039j),(2069+2041j),(2065+2045j),(2148+1725j),(2047.8695652173913+2049.6521739130435j),(2047.8695652173913+2049.6521739130435j),(2047.8695652173913+2049.6521739130435j)
(2049+2050j),(2043+2048j),(2033+2049j),(2031+2047j),(2024+2039j),(2029+2023j),(2041+2021j),(2051+2026j),(2051+2024j),(2055+2022j),(2061+2027j),(2065+2029j),(2067+2026j),(2071+2030j),(2075+2038j),(2076+2044j),(2071+2052j),(2066+2060j),(2061+2067j),(2052+2065j),(2046+2065j),(2043+2071j),(2038+2075j),(2027+2072j),(2023+2068j),(2025+2069j),(2022+2058j),(2020+2050j),(2026+2049j),(2031+2047j),(2035+2040j),(2041+2036j),(2051+2036j),(2056+2034j),(2061+2029j),(2071+2035j),(2074+2044j),(2072+2048j),(2065+2053j),(2064+2062j),(2061+2068j),(2056+2071j),(2047+2075j),(2041+2081j),(2033+2081j),(2019+2075j),(2049+2051j),(2052+2053j),(2067+2054j),(2074+2048j)
(2046+2054j),(2039+2053j),(2032+2053j),(2026+2056j),(2022+2055j),(2015+2048j),(2019+2043j),(2024+2038j),(2028+2034j),(2032+2030j),(2038+2033j),(2042+2032j),(2047+2026j),(2057+2026j),(2067+2034j),(2071+2040j),(2071+2042j),(2073+2052j),(2072+2059j),(2065+2061j),(2058+2063j),(2057+2067j),(2055+2067j),(2046+2064j),(2042+2064j),(2040+2063j),(2033+2060j),(2028+2054j),(2033+2052j),(2039+2050j),(2040+2045j),(2043+2042j),(2052+2044j),(2054+2044j),(2055+2039j),(2064+2042j),(2070+2047j),(2067+2046j),(2069+2049j),(2068+2056j),(2062+2059j),(2055+2059j),(2050+2061j),(2049+2063j),(2042+2063j),(2035+2057j),(2049+2043j),(2050+2045j),(2061+2050j),(2062+2048j)
(2046+2049j),(2048+2045j),(2054+2049j),(2061+2059j),(2048+2059j),(2046+2052j),(2054+2053j),(2058+2057j),(2052+2056j),(2050+2056j),(2053+2060j),(2048+2060j),(2044+2058j),(2042+2057j),(2042+2057j),(2043+2050j),(2041+2052j),(2046+2052j),(2045+2056j),(2034+2048j),(2044+2043j),(2053+2048j),(2051+2050j),(2046+2048j),(2052+2047j),(2054+2052j),(2051+2046j),(2048+2050j),(2049+2053j),(2047+2050j),(2049+2045j),(2049+2051j),(2045+2058j),(2037+2055j),(2033+2051j),(2039+2047j),(2040+2049j),(2043+2047j),(2040+2049j),(2046+2051j),(2044+2048j),(2043+2044j),(2046+2045j),(2050+2048j),(2053+2044j),(2051+2046j),(1924+2016j),(2046.9130434782608+2051.086956521739j),(2046.9130434782608+2051.086956521739j),(2046.9130434782608+2051.086956521739j)
(2048+2049j),(2053+2053j),(2053+2054j),(2048+2051j),(2049+2052j),(2049+2054j),(2047+2051j),(2046+2050j),(2049+2053j),(2048+2055j),(2043+2052j),(2043+2048j),(2047+2047j),(2049+2045j),(2049+2041j),(2055+2044j),(2058+2050j),(2054+2048j),(2048+2045j),(2050+2047j),(2052+2045j),(2052+2042j),(2056+2043j),(2060+2047j),(2054+2047j),(2049+2046j),(2049+2050j),(2047+2048j),(2046+2043j),(2047+2042j),(2051+2044j),(2051+2045j),(2045+2041j),(2046+2043j),(2048+2046j),(2045+2042j),(2046+2038j),(2053+2044j),(2056+2050j),(2050+2051j),(2050+2052j),(2053+2055j),(2052+2053j),(2051+2049j),(2054+2055j),(2052+2060j),(2048+2047j),(2044+2050j),(2051+2047j),(2047+2044j)
(2046+2044j),(2047+2038j),(2052+2040j),(2058+2044j),(2050+2038j),(2053+2033j),(2061+2038j),(2065+2042j),(2057+2042j),(2055+2041j),(2057+2045j),(2057+2046j),(2054+2046j),(2053+2052j),(2050+2055j),(2048+2051j),(2045+2054j),(2047+2057j),(2043+2060j),(2035+2050j),(2042+2046j),(2047+2052j),(2042+2053j),(2035+2051j),(2040+2048j),(2045+2051j),(2041+2044j),(2043+2044j),(2047+2048j),(2048+2045j),(2052+2041j),(2056+2048j),(2054+2055j),(2047+2049j),(2047+2046j),(2055+2049j),(2051+2054j),(2048+2054j),(2039+2058j),(2041+2060j),(2039+2059j),(2034+2055j),(2034+2056j),(2035+2055j),(2037+2048j),(2034+2049j),(2045+2051j),(2050+2051j),(2050+2053j),(2052+2051j)
(2048+2048j),(2047+2040j),(2050+2034j),(2049+2029j),(2048+2018j),(2062+2008j),(2074+2003j),(2083+2008j),(2091+2015j),(2095+2020j),(2095+2027j),(2095+2038j),(2097+2051j),(2082+2061j),(2069+2069j),(2064+2075j),(2047+2086j),(2025+2084j),(2007+2083j),(1996+2072j),(1997+2061j),(1995+2056j),(1996+2051j),(1997+2043j),(2003+2027j),(2013+2023j),(2031+2015j),(2047+2014j),(2059+2014j),(2070+2019j),(2085+2028j),(2086+2043j),(2078+2056j),(2075+2064j),(2070+2075j),(2060+2080j),(2043+2086j),(2033+2095j),(2010+2094j),(2000+2083j),(1993+2076j),(1994+2063j),(1993+2050j),(1997+2038j),(2013+2028j),(2021+2024j),(2219+2013j),(2043.108695652174+2047.2826086956522j),(2043.108695652174+2047.2826086956522j),(2043.108695652174+2047.2826086956522j)
(2039+2047j),(2053+2038j),(2061+2031j),(2072+2018j),(2079+2005j),(2108+1998j),(2128+2004j),(2131+2020j),(2130+2033j),(2126+2041j),(2126+2045j),(2122+2066j),(2108+2092j),(2076+2111j),(2038+2118j),(2025+2114j),(1998+2124j),(1973+2113j),(1951+2110j),(1939+2085j),(1944+2065j),(1941+2049j),(1948+2026j),(1965+2006j),(1987+1976j),(2017+1971j),(2054+1966j),(2080+1978j),(2090+1989j),(2100+1996j),(2125+2010j),(2128+2037j),(2117+2063j),(2105+2085j),(2086+2107j),(2058+2115j),(2024+2122j),(2002+2127j),(1966+2115j),(1959+2092j),(1951+2080j),(1954+2061j),(1956+2042j),(1955+2023j),(1977+1993j),(2001+1975j),(2043+2048j),(2032+2059j),(2021+2081j),(2023+2108j)
(2048+2052j),(2033+2055j),(2010+2041j),(1995+2028j),(1985+2009j),(1994+1977j),(2018+1953j),(2049+1947j),(2080+1950j),(2099+1959j),(2108+1974j),(2118+1989j),(2126+1998j),(2135+2014j),(2140+2035j),(2145+2060j),(2136+2090j),(2110+2113j),(2085+2136j),(2053+2151j),(2016+2151j),(1988+2145j),(1973+2137j),(1958+2121j),(1942+2102j),(1943+2082j),(1952+2062j),(1956+2041j),(1968+2017j),(2000+1999j),(2032+1986j),(2064+1979j),(2094+1985j),(2118+1998j),(2135+2010j),(2140+2029j),(2146+2050j),(2144+2073j),(2129+2094j),(2107+2114j),(2085+2131j),(2056+2138j),(2025+2137j),(2001+2135j),(1979+2129j),(1957+2111j),(2049+2043j),(2059+2044j),(2076+2047j),(2107+2049j)
(2035+2052j),(2021+2040j),(1998+2030j),(1978+2020j),(1951+1983j),(1964+1954j),(1984+1935j),(2007+1926j),(2019+1918j),(2044+1912j),(2079+1915j),(2109+1926j),(2129+1948j),(2136+1977j),(2147+1994j),(2160+2011j),(2157+2047j),(2151+2076j),(2135+2105j),(2108+2113j),(2101+2125j),(2091+2144j),(2069+2157j),(2039+2168j),(2024+2167j),(1997+2179j),(1966+2165j),(1944+2160j),(1920+2144j),(1913+2106j),(1927+2073j),(1947+2054j),(1962+2045j),(1970+2019j),(1989+1998j),(2019+1984j),(2057+1970j),(2101+1967j),(2128+1977j),(2163+1993j),(2187+2015j),(2194+2050j),(2185+2088j),(2165+2120j),(2139+2143j),(2097+2167j),(1880+1254j),(2056.6521739130435+2044.7826086956522j),(2056.6521739130435+2044.7826086956522j),(2056.6521739130435+2044.7826086956522j)
(2048+2048j),(2041+2080j),(2027+2132j),(1983+2196j),(1915+2245j),(1828+2256j),(1771+2238j),(1749+2203j),(1731+2163j),(1725+2116j),(1744+2066j),(1767+2015j),(1800+1953j),(1861+1889j),(1938+1842j),(2018+1814j),(2100+1793j),(2186+1794j),(2259+1818j),(2314+1850j),(2356+1896j),(2380+1961j),(2377+2020j),(2350+2077j),(2316+2135j),(2266+2183j),(2196+2219j),(2123+2233j),(2070+2236j),(2012+2231j),(1959+2209j),(1915+2173j),(1898+2127j),(1894+2083j),(1897+2031j),(1922+1987j),(1954+1951j),(1991+1912j),(2049+1881j),(2102+1882j),(2143+1883j),(2185+1887j),(2226+1911j),(2252+1946j),(2269+1979j),(2275+2024j),(2039+2046j),(2020+2032j),(1984+2020j),(1943+2014j)
(2042+2033j),(2009+2003j),(1973+1946j),(1965+1863j),(1978+1772j),(2030+1691j),(2110+1639j),(2198+1613j),(2282+1617j),(2358+1652j),(2422+1713j),(2461+1783j),(2480+1871j),(2477+1972j),(2454+2073j),(2399+2176j),(2310+2273j),(2214+2349j),(2105+2412j),(1984+2444j),(1874+2455j),(1775+2446j),(1683+2406j),(1619+2342j),(1596+2276j),(1587+2204j),(1596+2119j),(1641+2040j),(1702+1974j),(1772+1909j),(1864+1860j),(1961+1841j),(2048+1839j),(2125+1839j),(2213+1861j),(2274+1914j),(2308+1964j),(2335+2024j),(2330+2101j),(2308+2169j),(2270+2233j),(2210+2293j),(2135+2347j),(2050+2377j),(1961+2390j),(1865+2387j),(2056+2041j),(2101+2028j),(2174+1982j),(2227+1906j)
(2041+2041j),(2027+2029j),(1999+2026j),(1990+2004j),(1954+1978j),(1964+1946j),(1983+1926j),(2008+1906j),(2029+1900j),(2059+1896j),(2099+1901j),(2114+1923j),(2137+1934j),(2157+1960j),(2155+1989j),(2173+1999j),(2175+2039j),(2173+2077j),(2137+2122j),(2096+2124j),(2088+2144j),(2054+2168j),(2016+2158j),(1998+2159j),(1990+2146j),(1981+2144j),(1985+2125j),(1985+2139j),(1953+2140j),(1938+2103j),(1969+2075j),(1977+2070j),(1991+2067j),(1990+2052j),(1998+2043j),(2017+2040j),(2011+2031j),(2033+2017j),(2034+2014j),(2065+1998j),(2092+1996j),(2117+2005j),(2132+2032j),(2122+2054j),(2126+2052j),(2123+2077j),(1509+1938j),(2049.021739130435+2038.4565217391305j),(2049.021739130435+2038.4565217391305j),(2049.021739130435+2038.4565217391305j)
(2048+2048j),(2058+1997j),(2106+1898j),(2202+1804j),(2322+1732j),(2422+1705j),(2422+1711j),(2326+1748j),(2335+1804j),(2441+1876j),(2516+1961j),(2549+2055j),(2506+2152j),(2426+2233j),(2336+2310j),(2227+2386j),(2111+2428j),(1996+2465j),(1873+2487j),(1754+2488j),(1639+2453j),(1549+2396j),(1490+2330j),(1451+2246j),(1435+2166j),(1438+2074j),(1470+1979j),(1533+1882j),(1616+1796j),(1730+1732j),(1845+1698j),(1951+1680j),(2057+1680j),(2167+1705j),(2263+1747j),(2318+1808j),(2365+1889j),(2380+1986j),(2360+2073j),(2313+2156j),(2258+2238j),(2176+2306j),(2082+2352j),(1990+2378j),(1889+2388j),(1797+2371j),(2061+2048j),(2101+2031j),(2172+1993j),(2250+1936j)
(2051+2047j),(2086+2037j),(2138+2039j),(2193+2044j),(2242+2065j),(2277+2095j),(2302+2136j),(2293+2178j),(2256+2214j),(2218+2245j),(2170+2269j),(2110+2283j),(2043+2289j),(1986+2288j),(1932+2276j),(1878+2252j),(1829+2222j),(1788+2182j),(1761+2125j),(1754+2066j),(1766+2015j),(1784+1961j),(1808+1902j),(1853+1850j),(1910+1816j),(1962+1784j),(2024+1762j),(2087+1767j),(2138+1783j),(2183+1794j),(2226+1819j),(2258+1856j),(2279+1895j),(2286+1938j),(2277+1996j),(2258+2052j),(2223+2101j),(2172+2145j),(2112+2178j),(2057+2187j),(2007+2192j),(1954+2194j),(1914+2185j),(1875+2170j),(1833+2143j),(1808+2109j),(2055+2045j),(2074+2057j),(2119+2071j),(2165+2066j)
(2048+2057j),(2057+2092j),(2055+2175j),(2028+2264j),(1941+2338j),(1866+2378j),(1790+2406j),(1722+2398j),(1664+2361j),(1631+2310j),(1625+2247j),(1624+2180j),(1640+2098j),(1666+2024j),(1711+1944j),(1787+1862j),(1870+1804j),(1958+1752j),(2050+1718j),(2127+1693j),(2179+1685j),(2201+1687j),(2260+1710j),(2363+1755j),(2449+1805j),(2498+1868j),(2509+1929j),(2497+1998j),(2472+2065j),(2421+2127j),(2357+2173j),(2295+2216j),(2230+2256j),(2152+2269j),(2085+2270j),(2023+2269j),(1950+2258j),(1887+2225j),(1840+2181j),(1825+2127j),(1811+2070j),(1818+2008j),(1839+1958j),(1873+1903j),(1917+1848j),(1974+1806j),(2353+2810j),(2012.7173913043478+2055.804347826087j),(2012.7173913043478+2055.804347826087j),(2012.7173913043478+2055.804347826087j)
(2036+2030j),(2012+1979j),(1980+1888j),(1983+1758j),(2022+1622j),(2120+1506j),(2250+1443j),(2368+1428j),(2455+1443j),(2542+1484j),(2619+1557j),(2670+1638j),(2697+1752j),(2670+1893j),(2678+2036j),(2628+2187j),(2533+2327j),(2422+2448j),(2272+2554j),(2112+2619j),(1965+2672j),(1812+2702j),(1667+2691j),(1542+2654j),(1453+2596j),(1378+2524j),(1324+2427j),(1303+2328j),(1309+2225j),(1338+2114j),(1404+2011j),(1493+1914j),(1597+1826j),(1700+1758j),(1825+1705j),(1957+1680j),(2074+1670j),(2196+1685j),(2298+1732j),(2385+1788j),(2447+1857j),(2482+1941j),(2491+2044j),(2462+2144j),(2416+2224j),(2354+2313j),(2048+2041j),(2053+2001j),(2045+1931j),(2002+1837j)
(2051+2042j),(2076+2024j),(2122+1990j),(2174+1958j),(2242+1938j),(2298+1941j),(2330+1955j),(2346+1979j),(2359+2013j),(2353+2051j),(2329+2092j),(2299+2139j),(2257+2190j),(2193+2229j),(2123+2249j),(2065+2269j),(1999+2283j),(1928+2276j),(1871+2258j),(1831+2243j),(1793+2212j),(1761+2174j),(1745+2137j),(1739+2098j),(1741+2053j),(1748+2009j),(1766+1971j),(1796+1926j),(1831+1887j),(1875+1851j),(1930+1827j),(1980+1806j),(2033+1792j),(2097+1799j),(2157+1815j),(2198+1837j),(2230+1868j),(2261+1915j),(2271+1964j),(2261+2009j),(2249+2059j),(2223+2111j),(2185+2153j),(2141+2183j),(2097+2218j),(2044+2240j),(2048+2050j),(2066+2033j),(2094+1995j),(2117+1955j)
(2044+2040j),(2051+2037j),(2046+2048j),(2035+2059j),(2007+2056j),(2009+2056j),(2001+2054j),(1992+2055j),(1976+2049j),(1977+2033j),(1990+2015j),(2004+2003j),(2022+1996j),(2028+1990j),(2041+1974j),(2065+1963j),(2091+1966j),(2117+1974j),(2121+1989j),(2134+1988j),(2154+2007j),(2157+2028j),(2151+2049j),(2137+2072j),(2132+2082j),(2115+2108j),(2102+2114j),(2087+2140j),(2050+2151j),(2020+2142j),(2008+2135j),(1990+2133j),(1969+2128j),(1948+2108j),(1949+2088j),(1957+2068j),(1957+2046j),(1975+2029j),(1979+2016j),(2001+1994j),(2019+1983j),(2046+1978j),(2066+1984j),(2078+1984j),(2100+1983j),(2114+1997j),(2045+2041j),(2038+2044j),(2026+2045j),(2005+2048j)
(2043+2037j),(2054+2032j),(2054+2035j),(2051+2030j),(2038+2015j),(2058+2007j),(2068+2005j),(2075+2011j),(2070+2016j),(2078+2014j),(2088+2016j),(2088+2023j),(2095+2033j),(2089+2049j),(2082+2051j),(2083+2053j),(2080+2068j),(2074+2077j),(2050+2082j),(2043+2074j),(2047+2080j),(2038+2083j),(2030+2087j),(2018+2091j),(2013+2080j),(2008+2079j),(2012+2067j),(2018+2073j),(2006+2074j),(2002+2061j),(2016+2052j),(2024+2054j),(2021+2053j),(2013+2041j),(2023+2036j),(2035+2032j),(2036+2028j),(2048+2033j),(2045+2037j),(2053+2026j),(2055+2026j),(2067+2030j),(2070+2036j),(2067+2037j),(2073+2039j),(2073+2051j),(2048+2049j),(2047+2049j),(2049+2043j),(2039+2037j)
(2051+2046j),(2047+2050j),(2041+2044j),(2044+2047j),(2048+2054j),(2039+2055j),(2032+2052j),(2033+2049j),(2038+2048j),(2031+2047j),(2024+2046j),(2028+2041j),(2028+2035j),(2032+2027j),(2044+2024j),(2053+2026j),(2055+2023j),(2055+2023j),(2067+2023j),(2070+2029j),(2068+2026j),(2075+2031j),(2081+2041j),(2079+2044j),(2074+2052j),(2072+2060j),(2064+2071j),(2053+2068j),(2051+2068j),(2047+2076j),(2037+2077j),(2031+2069j),(2030+2066j),(2032+2067j),(2025+2059j),(2020+2054j),(2024+2052j),(2022+2046j),(2027+2036j),(2033+2036j),(2040+2038j),(2045+2034j),(2049+2031j),(2057+2035j),(2060+2042j),(2059+2042j),(2049+2054j),(2046+2049j),(2044+2050j),(2045+2051j)
(2045+2047j),(2050+2048j),(2051+2047j),(2054+2051j),(2055+2052j),(2061+2054j),(2061+2054j),(2060+2061j),(2057+2063j),(2054+2060j),(2049+2060j),(2048+2061j),(2049+2061j),(2038+2059j),(2034+2051j),(2038+2049j),(2038+2045j),(2035+2042j),(2030+2042j),(2032+2036j),(2037+2028j),(2042+2024j),(2051+2030j),(2055+2033j),(2054+2028j),(2053+2032j),(2061+2035j),(2061+2039j),(2051+2041j),(2056+2044j),(2061+2049j),(2058+2051j),(2051+2056j),(2048+2059j),(2045+2057j),(2041+2054j),(2038+2054j),(2042+2058j),(2036+2058j),(2034+2051j),(2035+2052j),(2040+2050j),(2037+2048j),(2035+2047j),(2043+2047j),(2041+2046j),(2046+2044j),(2041+2042j),(2043+2041j),(2041+2039j)
(2048+2048j),(2049+2054j),(2050+2054j),(2049+2052j),(2052+2055j),(2051+2061j),(2048+2061j),(2046+2058j),(2054+2061j),(2055+2067j),(2045+2065j),(2041+2061j),(2042+2059j),(2042+2054j),(2039+2048j),(2042+2045j),(2045+2047j),(2043+2045j),(2042+2042j),(2043+2044j),(2045+2040j),(2045+2037j),(2047+2035j),(2056+2038j),(2056+2041j),(2050+2036j),(2054+2042j),(2056+2041j),(2057+2039j),(2055+2041j),(2059+2048j),(2058+2049j),(2054+2046j),(2058+2049j),(2060+2053j),(2056+2053j),(2055+2047j),(2053+2049j),(2055+2050j),(2048+2051j),(2044+2049j),(2042+2050j),(2042+2048j),(2040+2046j),(2041+2048j),(2043+2049j),(2044+2050j),(2036+2055j),(2040+2054j),(2039+2051j)
(2048+2045j),(2061+2044j),(2061+2051j),(2062+2063j),(2046+2058j),(2054+2054j),(2051+2057j),(2050+2069j),(2035+2066j),(2032+2051j),(2040+2048j),(2040+2050j),(2041+2049j),(2028+2047j),(2030+2038j),(2041+2034j),(2043+2034j),(2047+2035j),(2039+2045j),(2040+2030j),(2053+2031j),(2060+2039j),(2058+2047j),(2049+2051j),(2049+2044j),(2050+2054j),(2055+2051j),(2052+2060j),(2034+2063j),(2033+2055j),(2044+2048j),(2045+2049j),(2044+2058j),(2036+2054j),(2039+2044j),(2045+2041j),(2047+2043j),(2058+2043j),(2048+2041j),(2053+2034j),(2054+2037j),(2062+2039j),(2056+2046j),(2051+2051j),(2054+2048j),(2050+2050j),(2177+1524j),(2047.1304347826087+2047.5869565217392j),(2047.1304347826087+2047.5869565217392j),(2047.1304347826087+2047.5869565217392j)
(2050+2047j),(2050+2044j),(2049+2044j),(2052+2048j),(2045+2045j),(2043+2037j),(2045+2035j),(2050+2038j),(2047+2035j),(2048+2030j),(2053+2031j),(2056+2034j),(2056+2033j),(2053+2033j),(2058+2038j),(2062+2040j),(2063+2040j),(2065+2046j),(2063+2053j),(2060+2054j),(2059+2055j),(2060+2059j),(2057+2064j),(2047+2066j),(2043+2066j),(2040+2069j),(2035+2067j),(2026+2067j),(2021+2065j),(2024+2065j),(2023+2059j),(2021+2055j),(2023+2056j),(2024+2052j),(2024+2043j),(2029+2040j),(2032+2039j),(2037+2034j),(2039+2033j),(2044+2036j),(2046+2038j),(2050+2035j),(2050+2037j),(2054+2040j),(2058+2042j),(2057+2048j),(2049+2045j),(2044+2043j),(2047+2045j),(2045+2045j)
(2052+2051j),(2050+2054j),(2050+2048j),(2053+2041j),(2068+2045j),(2067+2045j),(2067+2040j),(2074+2038j),(2087+2043j),(2087+2050j),(2078+2053j),(2075+2056j),(2074+2059j),(2071+2057j),(2067+2059j),(2066+2065j),(2062+2067j),(2052+2065j),(2051+2066j),(2047+2074j),(2037+2071j),(2032+2066j),(2033+2068j),(2035+2067j),(2025+2065j),(2018+2061j),(2019+2062j),(2014+2049j),(2017+2039j),(2025+2040j),(2026+2042j),(2025+2033j),(2026+2025j),(2037+2025j),(2042+2024j),(2043+2018j),(2050+2020j),(2054+2025j),(2061+2026j),(2064+2032j),(2067+2039j),(2065+2045j),(2061+2048j),(2060+2052j),(2061+2062j),(2059+2067j),(2056+2055j),(2063+2053j),(2061+2045j),(2070+2044j)
(2051+2038j),(2054+2036j),(2047+2035j),(2040+2041j),(2010+2028j),(2015+2008j),(2017+2000j),(2024+2005j),(2019+1999j),(2025+1984j),(2041+1982j),(2053+1988j),(2068+1994j),(2063+2000j),(2072+1995j),(2093+1999j),(2104+2011j),(2108+2022j),(2100+2042j),(2102+2042j),(2112+2052j),(2114+2069j),(2109+2085j),(2088+2098j),(2079+2094j),(2073+2114j),(2062+2119j),(2048+2136j),(2012+2138j),(1998+2129j),(1999+2119j),(1988+2114j),(1976+2109j),(1960+2096j),(1961+2072j),(1973+2055j),(1976+2044j),(1997+2037j),(1993+2028j),(2013+2011j),(2028+2007j),(2049+2000j),(2063+2003j),(2074+2007j),(2095+2006j),(2102+2017j),(2502+1873j),(2044.5217391304348+2043.6521739130435j),(2044.5217391304348+2043.6521739130435j),(2044.5217391304348+2043.6521739130435j)
(2045+2058j),(2025+2083j),(1986+2125j),(1929+2173j),(1857+2208j),(1784+2210j),(1798+2194j),(1906+2159j),(1886+2115j),(1768+2066j),(1740+2014j),(1765+1960j),(1813+1905j),(1874+1861j),(1945+1831j),(2023+1809j),(2095+1795j),(2161+1797j),(2222+1813j),(2271+1833j),(2310+1857j),(2341+1895j),(2364+1936j),(2373+1977j),(2368+2019j),(2359+2061j),(2336+2103j),(2303+2143j),(2273+2180j),(2245+2213j),(2198+2245j),(2137+2265j),(2085+2272j),(2043+2274j),(1988+2265j),(1939+2246j),(1908+2225j),(1877+2188j),(1856+2143j),(1850+2102j),(1853+2059j),(1868+2007j),(1899+1959j),(1943+1923j),(1989+1891j),(2040+1861j),(2041+2050j),(2008+2066j),(1983+2098j),(1948+2132j)
(2048+2048j),(2035+2080j),(2003+2122j),(1956+2171j),(1888+2213j),(1825+2228j),(1768+2218j),(1731+2193j),(1718+2155j),(1718+2111j),(1729+2061j),(1745+2008j),(1789+1948j),(1840+1895j),(1897+1838j),(1988+1795j),(2079+1781j),(2150+1780j),(2212+1787j),(2276+1806j),(2329+1838j),(2359+1879j),(2384+1924j),(2397+1985j),(2378+2041j),(2356+2088j),(2327+2140j),(2280+2189j),(2213+2218j),(2157+2227j),(2122+2235j),(2070+2243j),(2016+2235j),(1979+2220j),(1944+2199j),(1915+2161j),(1900+2124j),(1906+2093j),(1915+2062j),(1930+2022j),(1954+1994j),(1977+1975j),(2000+1947j),(2032+1925j),(2063+1914j),(2100+1910j),(2046+2048j),(2028+2050j),(2003+2054j),(1973+2067j)
(2048+2048j),(2011+2059j),(1951+2084j),(1886+2096j),(1790+2070j),(1766+2019j),(1760+1976j),(1771+1934j),(1791+1885j),(1841+1842j),(1912+1814j),(1969+1799j),(2041+1782j),(2113+1786j),(2173+1793j),(2242+1804j),(2295+1847j),(2338+1899j),(2349+1960j),(2353+1992j),(2373+2051j),(2360+2125j),(2312+2177j),(2265+2219j),(2225+2251j),(2173+2290j),(2120+2300j),(2068+2326j),(1999+2337j),(1937+2316j),(1900+2287j),(1865+2267j),(1832+2236j),(1805+2183j),(1799+2126j),(1826+2068j),(1849+2017j),(1899+1966j),(1935+1933j),(2005+1897j),(2062+1880j),(2121+1874j),(2175+1888j),(2212+1910j),(2251+1921j),(2283+1960j),(1515+1932j),(2044.5869565217392+2028.1304347826087j),(2044.5869565217392+2028.1304347826087j),(2044.5869565217392+2028.1304347826087j)
(2049+2045j),(2063+2048j),(2076+2054j),(2088+2059j),(2105+2073j),(2108+2079j),(2113+2086j),(2101+2105j),(2090+2114j),(2072+2117j),(2055+2114j),(2043+2120j),(2026+2118j),(2007+2110j),(1994+2102j),(1985+2091j),(1983+2076j),(1973+2064j),(1974+2047j),(1982+2033j),(1990+2009j),(2009+1995j),(2030+1993j),(2053+1992j),(2060+1994j),(2067+1998j),(2077+2009j),(2072+2012j),(2071+2010j),(2077+2021j),(2073+2025j),(2070+2027j),(2064+2032j),(2060+2035j),(2055+2036j),(2050+2029j),(2058+2031j),(2061+2040j),(2055+2042j),(2045+2045j),(2041+2043j),(2045+2038j),(2043+2035j),(2043+2042j),(2040+2048j),(2037+2044j),(2052+2047j),(2047+2046j),(2047+2050j),(2054+2051j)
(2046+2051j),(2042+2056j),(2046+2062j),(2055+2080j),(2050+2101j),(2035+2115j),(2013+2131j),(1988+2129j),(1973+2118j),(1962+2107j),(1959+2098j),(1961+2082j),(1958+2066j),(1961+2051j),(1977+2031j),(1991+2018j),(2003+2009j),(2011+2003j),(2029+1991j),(2040+1984j),(2056+1972j),(2088+1967j),(2108+1975j),(2116+1979j),(2128+1991j),(2138+2001j),(2145+2013j),(2140+2026j),(2144+2045j),(2131+2073j),(2099+2079j),(2088+2083j),(2077+2090j),(2062+2093j),(2037+2096j),(2017+2093j),(2004+2084j),(1989+2065j),(1997+2044j),(2008+2038j),(2014+2028j),(2019+2020j),(2028+2013j),(2041+2006j),(2051+1997j),(2069+1990j),(2042+2045j),(2031+2040j),(2014+2046j),(2002+2060j)
(2046+2047j),(2045+2050j),(2012+2067j),(1981+2071j),(1931+2059j),(1924+2031j),(1921+2021j),(1920+2005j),(1925+1977j),(1951+1949j),(1995+1939j),(2019+1940j),(2045+1931j),(2072+1933j),(2097+1937j),(2130+1937j),(2154+1956j),(2181+1971j),(2190+2008j),(2190+2017j),(2208+2043j),(2207+2086j),(2179+2119j),(2150+2144j),(2118+2163j),(2083+2183j),(2052+2176j),(2017+2187j),(1975+2183j),(1939+2156j),(1937+2119j),(1927+2096j),(1931+2071j),(1938+2037j),(1958+2006j),(1991+1986j),(2013+1968j),(2061+1950j),(2086+1953j),(2129+1953j),(2156+1967j),(2180+1983j),(2198+2013j),(2200+2051j),(2193+2074j),(2170+2103j),(2163+2002j),(2059.2391304347825+2035.1304347826087j),(2059.2391304347825+2035.1304347826087j),(2059.2391304347825+2035.1304347826087j)
(2041+2046j),(2052+2072j),(2044+2133j),(1989+2207j),(1908+2263j),(1829+2279j),(1767+2268j),(1718+2244j),(1690+2203j),(1676+2140j),(1693+2069j),(1730+2010j),(1771+1948j),(1829+1881j),(1902+1821j),(1999+1777j),(2094+1763j),(2178+1753j),(2261+1774j),(2327+1806j),(2381+1849j),(2409+1911j),(2412+1977j),(2404+2041j),(2373+2101j),(2323+2165j),(2259+2216j),(2180+2251j),(2096+2259j),(2028+2254j),(1973+2240j),(1911+2216j),(1863+2166j),(1851+2109j),(1858+2053j),(1877+1993j),(1905+1941j),(1959+1892j),(2017+1854j),(2079+1828j),(2147+1824j),(2210+1837j),(2254+1858j),(2291+1894j),(2315+1938j),(2321+1988j),(2050+2040j),(2043+2020j),(2031+1986j),(2005+1943j)
(2042+2036j),(2041+2007j),(2042+1954j),(2075+1891j),(2125+1835j),(2194+1799j),(2258+1790j),(2315+1816j),(2342+1856j),(2354+1894j),(2363+1951j),(2353+2019j),(2317+2087j),(2260+2150j),(2198+2199j),(2132+2241j),(2056+2265j),(1982+2273j),(1911+2274j),(1857+2251j),(1818+2220j),(1789+2187j),(1779+2149j),(1774+2101j),(1787+2046j),(1825+2002j),(1874+1964j),(1923+1940j),(1974+1925j),(2034+1922j),(2089+1937j),(2120+1959j),(2140+1988j),(2157+2018j),(2166+2052j),(2159+2090j),(2141+2128j),(2124+2164j),(2084+2194j),(2034+2218j),(1984+2229j),(1938+2222j),(1898+2204j),(1867+2178j),(1858+2144j),(1848+2108j),(2049+2051j),(2048+2065j),(2052+2091j),(2073+2126j)
(2050+2044j),(2086+2054j),(2106+2090j),(2118+2131j),(2083+2163j),(2088+2189j),(2058+2219j),(2017+2237j),(1967+2243j),(1929+2226j),(1905+2196j),(1873+2168j),(1861+2128j),(1855+2083j),(1860+2023j),(1910+1964j),(1953+1945j),(1997+1913j),(2030+1902j),(2076+1875j),(2146+1876j),(2184+1897j),(2207+1923j),(2218+1963j),(2224+1983j),(2217+2029j),(2196+2059j),(2164+2105j),(2104+2129j),(2049+2125j),(2025+2118j),(1993+2113j),(1962+2100j),(1938+2067j),(1941+2040j),(1955+2012j),(1954+1989j),(1982+1964j),(1999+1952j),(2031+1931j),(2065+1918j),(2106+1928j),(2130+1945j),(2138+1960j),(2153+1973j),(2152+2004j),(1591+1959j),(2044.6739130434783+2041.2173913043478j),(2044.6739130434783+2041.2173913043478j),(2044.6739130434783+2041.2173913043478j)
(2045+2052j),(2039+2056j),(2034+2042j),(2029+2025j),(2043+2009j),(2056+2000j),(2072+1990j),(2084+1994j),(2096+2002j),(2103+2008j),(2101+2011j),(2106+2019j),(2107+2034j),(2101+2043j),(2093+2052j),(2086+2065j),(2074+2071j),(2060+2071j),(2052+2075j),(2047+2082j),(2033+2080j),(2019+2077j),(2014+2073j),(2014+2071j),(2004+2063j),(2002+2051j),(2012+2053j),(2009+2050j),(2004+2040j),(2012+2034j),(2022+2030j),(2034+2020j),(2048+2015j),(2064+2020j),(2074+2026j),(2077+2029j),(2086+2034j),(2097+2047j),(2098+2061j),(2088+2071j),(2078+2082j),(2070+2085j),(2061+2089j),(2040+2099j),(2019+2102j),(2004+2097j),(2047+2056j),(2053+2060j),(2059+2066j),(2088+2065j)
(2050+2045j),(2042+2050j),(2017+2053j),(1995+2058j),(1964+2053j),(1953+2033j),(1955+2012j),(1961+2006j),(1971+1992j),(1991+1971j),(2019+1962j),(2043+1960j),(2073+1957j),(2098+1961j),(2114+1977j),(2133+1993j),(2142+2017j),(2136+2041j),(2127+2063j),(2117+2075j),(2110+2087j),(2092+2108j),(2070+2125j),(2042+2134j),(2012+2130j),(1993+2122j),(1989+2106j),(1977+2093j),(1972+2063j),(1995+2040j),(2020+2027j),(2035+2017j),(2051+2013j),(2065+2014j),(2076+2010j),(2098+2004j),(2117+2016j),(2132+2033j),(2130+2049j),(2132+2064j),(2116+2088j),(2105+2097j),(2088+2108j),(2064+2114j),(2053+2113j),(2032+2115j),(2052+2043j),(2055+2041j),(2067+2042j),(2084+2042j)
(2039+2045j),(2037+2030j),(2028+2022j),(2027+2007j),(2019+1980j),(2049+1955j),(2075+1956j),(2096+1962j),(2107+1967j),(2115+1975j),(2131+1990j),(2138+2008j),(2139+2029j),(2128+2056j),(2113+2079j),(2101+2094j),(2073+2116j),(2050+2127j),(2024+2139j),(1989+2129j),(1977+2116j),(1970+2109j),(1964+2091j),(1959+2075j),(1969+2047j),(1993+2041j),(2008+2030j),(2024+2023j),(2042+2022j),(2060+2020j),(2082+2017j),(2097+2029j),(2106+2051j),(2103+2061j),(2096+2071j),(2096+2084j),(2078+2100j),(2060+2103j),(2034+2106j),(2023+2105j),(2010+2098j),(2005+2088j),(1998+2083j),(1992+2078j),(1994+2062j),(1991+2053j),(1995+1926j),(2048.021739130435+2052.804347826087j),(2048.021739130435+2052.804347826087j),(2048.021739130435+2052.804347826087j)
(2047+2045j),(2041+2049j),(2038+2049j),(2032+2038j),(2043+2035j),(2046+2045j),(2040+2044j),(2035+2041j),(2037+2043j),(2039+2043j),(2038+2039j),(2039+2040j),(2042+2044j),(2045+2040j),(2048+2039j),(2045+2043j),(2048+2045j),(2053+2042j),(2053+2040j),(2058+2045j),(2059+2051j),(2057+2049j),(2051+2049j),(2061+2051j),(2068+2060j),(2064+2065j),(2063+2073j),(2058+2080j),(2045+2079j),(2033+2071j),(2032+2068j),(2033+2066j),(2032+2056j),(2036+2053j),(2038+2055j),(2036+2050j),(2036+2039j),(2042+2035j),(2057+2034j),(2061+2033j),(2070+2031j),(2075+2039j),(2079+2044j),(2078+2045j),(2073+2051j),(2073+2057j),(2044+2050j),(2042+2051j),(2047+2046j),(2045+2037j)
